1 0.86328125 0.6967213114754098 0.0765625 0.11007025761124122
1 0.43203125000000003 0.7716627634660421 0.1328125 0.21311475409836064
1 0.7390625000000001 0.747072599531616 0.1125 0.16393442622950818
1 0.9593750000000001 0.7002341920374707 0.08125 0.12177985948477751
0 0.09453125000000001 0.7318501170960188 0.0203125 0.03981264637002342
1 0.35000000000000003 0.7049180327868853 0.03125 0.13114754098360656
1 0.15859375 0.8407494145199064 0.1046875 0.2857142857142857
1 0.8078125 0.7166276346604216 0.05625 0.11241217798594848
1 0.8210937500000001 0.6838407494145199 0.0171875 0.046838407494145196
1 0.29921875000000003 0.6463700234192038 0.035937500000000004 0.05620608899297424
