1 0.80234375 0.5863787375415282 0.1296875 0.3089700996677741
1 0.51953125 0.6976744186046512 0.0484375 0.1461794019933555
1 0.5328125 0.6245847176079734 0.134375 0.2857142857142857
1 0.45390625 0.6196013289036545 0.09531250000000001 0.2956810631229236
1 0.41875 0.6096345514950167 0.08750000000000001 0.2956810631229236
1 0.2328125 0.5930232558139535 0.096875 0.2292358803986711
1 0.19921875 0.5946843853820598 0.060937500000000006 0.21262458471760798
1 0.30078125 0.6129568106312292 0.0671875 0.22259136212624586
1 0.3828125 0.6229235880398671 0.1125 0.2425249169435216
1 0.65234375 0.686046511627907 0.22031250000000002 0.46179401993355484
1 0.33828125000000003 0.6179401993355482 0.0703125 0.23255813953488372
1 0.8914062500000001 0.6112956810631229 0.15781250000000002 0.45182724252491696
1 0.81953125 0.6495016611295681 0.11093750000000001 0.3488372093023256
1 0.4 0.6544850498338871 0.7937500000000001 0.33222591362126247
