1 0.44453125000000004 0.5538641686182669 0.2234375 0.35362997658079626
1 0.8523437500000001 0.689695550351288 0.29531250000000003 0.6206088992974239
1 0.3484375 0.5702576112412178 0.115625 0.1990632318501171
1 0.60859375 0.5749414519906323 0.34218750000000003 0.5175644028103045
1 0.17734375000000002 0.5128805620608899 0.08281250000000001 0.08899297423887588
1 0.178125 0.45901639344262296 0.13125 0.14988290398126464
1 0.11015625000000001 0.4449648711943794 0.06406250000000001 0.08899297423887588
1 0.08203125 0.43559718969555034 0.045312500000000006 0.07962529274004684
1 0.30000000000000004 0.5386416861826698 0.21250000000000002 0.22014051522248243
1 0.21484375 0.509367681498829 0.1046875 0.21311475409836064
1 0.7195312500000001 0.47892271662763464 0.1609375 0.1522248243559719
1 0.06171875 0.42271662763466045 0.0234375 0.04918032786885246
1 0.039843750000000004 0.4262295081967213 0.0390625 0.046838407494145196
1 0.71640625 0.44379391100702575 0.0703125 0.07728337236533958
