1 0.1919934640522876 0.613562091503268 0.37745098039215685 0.7434640522875817
1 0.3104575163398693 0.34395424836601307 0.2581699346405229 0.34477124183006536
1 0.7393790849673203 0.6609477124183006 0.5212418300653595 0.6486928104575164
1 0.11764705882352941 0.21160130718954248 0.11437908496732027 0.20751633986928106
1 0.39052287581699346 0.14869281045751634 0.10130718954248366 0.18300653594771243
1 0.8709150326797386 0.2973856209150327 0.2581699346405229 0.4673202614379085
1 0.25571895424836605 0.08660130718954248 0.24019607843137256 0.15359477124183007
1 0.6299019607843137 0.3088235294117647 0.2728758169934641 0.3137254901960784
1 0.6486928104575164 0.12173202614379085 0.16339869281045752 0.2042483660130719
1 0.06290849673202614 0.12745098039215685 0.12581699346405228 0.14705882352941177
1 0.7622549019607844 0.16666666666666669 0.184640522875817 0.15359477124183007
