1 0.6609375000000001 0.3466981132075472 0.125 0.2122641509433962
1 0.5234375 0.6261792452830188 0.36875 0.36556603773584906
1 0.7953125000000001 0.2995283018867924 0.22187500000000002 0.25
1 0.4296875 0.7877358490566038 0.8562500000000001 0.3962264150943396
1 0.56640625 0.3455188679245283 0.1296875 0.18632075471698112
1 0.6875 0.24410377358490565 0.0625 0.05424528301886792
1 0.4625 0.2712264150943396 0.065625 0.11320754716981132
1 0.37343750000000003 0.18278301886792453 0.037500000000000006 0.04481132075471698
1 0.35703125 0.27240566037735847 0.0671875 0.14386792452830188
1 0.2171875 0.5766509433962264 0.434375 0.3938679245283019
1 0.9171875 0.7570754716981132 0.16562500000000002 0.44811320754716977
1 0.9085937500000001 0.4410377358490566 0.18281250000000002 0.21698113207547168
1 0.540625 0.22995283018867924 0.059375000000000004 0.0589622641509434
1 0.5 0.5648584905660378 0.9968750000000001 0.8655660377358491
