1 0.49843750000000003 0.5770833333333333 0.115625 0.1125
1 0.42265625 0.565625 0.1296875 0.16875
1 0.3484375 0.584375 0.10312500000000001 0.14375
1 0.278125 0.58125 0.12812500000000002 0.17916666666666667
1 0.18046875 0.575 0.0859375 0.18333333333333332
1 0.10390625 0.6 0.2078125 0.2
1 0.7328125000000001 0.528125 0.043750000000000004 0.07708333333333334
1 0.63203125 0.5114583333333333 0.051562500000000004 0.07291666666666667
1 0.6664062500000001 0.53125 0.0546875 0.07916666666666666
1 0.57265625 0.5447916666666667 0.1078125 0.11875
1 0.6218750000000001 0.5354166666666667 0.08125 0.13333333333333333
1 0.6976562500000001 0.53125 0.045312500000000006 0.07916666666666666
