1 0.2805164319248826 0.5265625 0.528169014084507 0.325
1 0.9201877934272301 0.32421875 0.1596244131455399 0.15781250000000002
1 0.7382629107981221 0.30781250000000004 0.11032863849765258 0.096875
1 0.5927230046948357 0.29140625000000003 0.06338028169014084 0.0578125
1 0.07746478873239437 0.353125 0.15492957746478875 0.09062500000000001
1 0.6561032863849765 0.3125 0.10093896713615023 0.08125
1 0.5751173708920188 0.26875 0.04225352112676056 0.03125
1 0.6314553990610329 0.26640625 0.051643192488262914 0.0328125
1 0.142018779342723 0.30390625000000004 0.08685446009389672 0.0421875
1 0.5727699530516432 0.5546875 0.4835680751173709 0.48125
1 0.9823943661971831 0.3640625 0.035211267605633804 0.1
