0 0.86328125 0.8466981132075472 0.2703125 0.25943396226415094
0 0.86328125 0.8172169811320754 0.26406250000000003 0.2523584905660377
0 0.890625 0.5931603773584906 0.15937500000000002 0.1061320754716981
0 0.8859375 0.5 0.15000000000000002 0.17452830188679244
0 0.8328125000000001 0.5212264150943396 0.09062500000000001 0.1509433962264151
0 0.9500000000000001 0.570754716981132 0.084375 0.08490566037735849
0 0.9031250000000001 0.4834905660377358 0.153125 0.13679245283018868
0 0.9070312500000001 0.5271226415094339 0.13593750000000002 0.10141509433962263
0 0.86640625 0.580188679245283 0.0859375 0.07547169811320754
0 0.86328125 0.705188679245283 0.2734375 0.25
