0 0.40468750000000003 0.7885416666666667 0.15625 0.26458333333333334
0 0.0703125 0.7833333333333333 0.11875000000000001 0.1625
0 0.278125 0.7979166666666666 0.084375 0.17916666666666667
0 0.78515625 0.678125 0.0578125 0.11875
0 0.665625 0.6864583333333333 0.1 0.12708333333333333
0 0.178125 0.6666666666666666 0.03125 0.07916666666666666
0 0.1421875 0.6697916666666667 0.053125000000000006 0.07291666666666667
0 0.4625 0.6708333333333333 0.053125000000000006 0.11666666666666667
0 0.93515625 0.6791666666666667 0.0328125 0.1125
0 0.9828125000000001 0.6510416666666666 0.034375 0.10208333333333333
0 0.56640625 0.7427083333333333 0.2484375 0.21458333333333332
0 0.35468750000000004 0.5427083333333333 0.021875000000000002 0.03958333333333333
0 0.8125 0.675 0.037500000000000006 0.1
0 0.46875 0.703125 0.9343750000000001 0.19375
