1 0.7875000000000001 0.7197916666666666 0.42500000000000004 0.4479166666666667
1 0.09296875 0.6395833333333333 0.18281250000000002 0.5375
1 0.246875 0.29583333333333334 0.16562500000000002 0.2583333333333333
1 0.0859375 0.3614583333333333 0.14375000000000002 0.29375
1 0.7703125000000001 0.2604166666666667 0.12812500000000002 0.08333333333333333
1 0.3984375 0.4114583333333333 0.140625 0.27291666666666664
1 0.5453125 0.31875 0.125 0.2625
1 0.759375 0.4864583333333333 0.48125 0.5104166666666666
1 0.4921875 0.24687499999999998 0.046875 0.12708333333333333
1 0.04453125 0.42916666666666664 0.0890625 0.24583333333333332
1 0.115625 0.303125 0.23125 0.3145833333333333
1 0.3515625 0.271875 0.146875 0.20208333333333334
1 0.4140625 0.25416666666666665 0.146875 0.14166666666666666
1 0.6531250000000001 0.190625 0.30000000000000004 0.06875
