1 0.45 0.648 0.452 0.45866666666666667
0 0.297 0.8106666666666666 0.594 0.37866666666666665
0 0.678 0.6706666666666666 0.192 0.3333333333333333
0 0.743 0.648 0.10200000000000001 0.21333333333333332
0 0.852 0.6346666666666666 0.124 0.2826666666666667
0 0.5 0.7573333333333333 0.356 0.45866666666666667
0 0.857 0.52 0.154 0.144
0 0.858 0.5773333333333334 0.16 0.17866666666666667
0 0.9470000000000001 0.4706666666666667 0.046 0.04
0 0.307 0.7306666666666667 0.454 0.29866666666666664
0 0.255 0.6453333333333333 0.186 0.17066666666666666
0 0.709 0.5506666666666666 0.038 0.072
0 0.546 0.5253333333333333 0.1 0.058666666666666666
0 0.728 0.6146666666666667 0.056 0.050666666666666665
0 0.537 0.6733333333333333 0.8300000000000001 0.52
