0 0.6195312500000001 0.8181818181818182 0.31093750000000003 0.36363636363636365
0 0.5171875 0.8974358974358975 0.146875 0.16783216783216784
0 0.43984375000000003 0.6888111888111889 0.0921875 0.2540792540792541
0 0.24765625000000002 0.7622377622377622 0.1453125 0.3916083916083916
0 0.43593750000000003 0.7412587412587412 0.05625 0.2191142191142191
0 0.44375000000000003 0.717948717948718 0.0625 0.21445221445221446
0 0.50546875 0.6386946386946387 0.1234375 0.2517482517482518
0 0.37578125 0.6794871794871795 0.0859375 0.2634032634032634
0 0.39453125 0.6655011655011654 0.0421875 0.1048951048951049
0 0.35781250000000003 0.668997668997669 0.037500000000000006 0.09324009324009325
