1 0.5171875 0.590625 0.05625 0.16041666666666665
1 0.884375 0.625 0.08750000000000001 0.1875
1 0.7835937500000001 0.3625 0.1015625 0.1
1 0.5359375000000001 0.3177083333333333 0.05 0.10625
1 0.71875 0.28125 0.06875 0.07916666666666666
1 0.5046875000000001 0.34479166666666666 0.046875 0.08541666666666667
1 0.4421875 0.34479166666666666 0.053125000000000006 0.07708333333333334
1 0.77734375 0.2625 0.06406250000000001 0.09166666666666666
1 0.34218750000000003 0.5416666666666666 0.07187500000000001 0.15416666666666667
1 0.815625 0.546875 0.07187500000000001 0.14791666666666667
1 0.40937500000000004 0.35104166666666664 0.578125 0.18958333333333333
