1 0.24765625000000002 0.5864583333333333 0.31093750000000003 0.3020833333333333
1 0.75703125 0.5260416666666666 0.2109375 0.15625
1 0.54609375 0.528125 0.1203125 0.20625
1 0.63984375 0.4708333333333333 0.13593750000000002 0.09166666666666666
1 0.16484375 0.5177083333333333 0.1484375 0.08958333333333333
1 0.384375 0.5447916666666667 0.3125 0.22291666666666665
1 0.5421875 0.48020833333333335 0.146875 0.15625
1 0.9460937500000001 0.46875 0.1015625 0.10416666666666667
1 0.08203125 0.6364583333333333 0.1640625 0.3520833333333333
1 0.7375 0.5010416666666666 0.05625 0.03958333333333333
1 0.8390625 0.5083333333333333 0.05625 0.10416666666666667
1 0.88671875 0.47812499999999997 0.0671875 0.09375
