0 0.1484375 0.6834239130434783 0.10312500000000001 0.1766304347826087
0 0.49843750000000003 0.8627717391304348 0.153125 0.23097826086956522
0 0.9546875 0.858695652173913 0.09062500000000001 0.2391304347826087
0 0.8992187500000001 0.7717391304347826 0.15156250000000002 0.20652173913043478
0 0.7718750000000001 0.6793478260869565 0.07187500000000001 0.14130434782608695
0 0.46796875000000004 0.6834239130434783 0.1296875 0.16576086956521738
0 0.815625 0.751358695652174 0.046875 0.11141304347826086
0 0.21015625000000002 0.7051630434782609 0.051562500000000004 0.0951086956521739
0 0.7250000000000001 0.6671195652173912 0.040625 0.11141304347826086
0 0.28125 0.8831521739130435 0.35000000000000003 0.23369565217391303
0 0.2609375 0.6480978260869565 0.059375000000000004 0.12228260869565218
1 0.36953125000000003 0.8288043478260869 0.23593750000000002 0.31521739130434784
0 0.30312500000000003 0.6644021739130435 0.037500000000000006 0.0625
0 0.5453125 0.6032608695652174 0.10312500000000001 0.043478260869565216
