0 0.23515625 0.6416861826697893 0.37031250000000004 0.3185011709601874
0 0.76953125 0.6744730679156908 0.4390625 0.3981264637002342
0 0.5125000000000001 0.585480093676815 0.043750000000000004 0.17798594847775176
0 0.5796875 0.5526932084309133 0.09062500000000001 0.15456674473067916
0 0.3875 0.509367681498829 0.065625 0.09601873536299765
0 0.4609375 0.5573770491803278 0.028125 0.06088992974238876
0 0.3609375 0.5234192037470726 0.037500000000000006 0.07259953161592506
0 0.4578125 0.5351288056206089 0.043750000000000004 0.09601873536299765
0 0.40156250000000004 0.5281030444964872 0.021875000000000002 0.06323185011709602
0 0.4734375 0.544496487119438 0.018750000000000003 0.08665105386416862
0 0.41171875 0.5339578454332553 0.0234375 0.0702576112412178
0 0.44453125000000004 0.5257611241217799 0.045312500000000006 0.10070257611241218
