1 0.65625 0.7271662763466042 0.390625 0.5035128805620609
1 0.4921875 0.6065573770491803 0.19375 0.3559718969555035
1 0.30781250000000004 0.5538641686182669 0.14375000000000002 0.18969555035128804
1 0.22734375 0.8185011709601874 0.44843750000000004 0.33021077283372363
1 0.134375 0.6651053864168618 0.265625 0.12177985948477751
1 0.1125 0.6241217798594848 0.225 0.14754098360655737
1 0.07187500000000001 0.5843091334894613 0.140625 0.08196721311475409
1 0.20078125000000002 0.5362997658079626 0.15781250000000002 0.1358313817330211
1 0.38593750000000004 0.594847775175644 0.125 0.22950819672131148
1 0.13593750000000002 0.4859484777517564 0.06875 0.1522248243559719
