1 0.6703125000000001 0.794392523364486 0.115625 0.38317757009345793
1 0.89609375 0.6051401869158878 0.06406250000000001 0.1822429906542056
1 0.7765625 0.6577102803738317 0.08750000000000001 0.26401869158878505
1 0.051562500000000004 0.6892523364485981 0.10312500000000001 0.11214953271028036
1 0.45 0.586448598130841 0.05625 0.1588785046728972
1 0.05859375 0.6483644859813084 0.11406250000000001 0.10981308411214953
1 0.03671875 0.8621495327102803 0.0734375 0.2757009345794392
1 0.16718750000000002 0.8259345794392523 0.265625 0.3481308411214953
1 0.83203125 0.5794392523364486 0.0546875 0.14018691588785046
1 0.3828125 0.544392523364486 0.040625 0.08411214953271028
1 0.49921875000000004 0.5058411214953271 0.0234375 0.04439252336448598
1 0.053125000000000006 0.7733644859813084 0.10625000000000001 0.16355140186915887
1 0.9632812500000001 0.5911214953271028 0.0734375 0.11682242990654204
