1 0.371875 0.5479166666666666 0.284375 0.2791666666666667
1 0.08359375000000001 0.7395833333333334 0.16718750000000002 0.3541666666666667
1 0.6359375 0.4552083333333333 0.146875 0.14375
1 0.15546875000000002 0.428125 0.1234375 0.07708333333333334
1 0.10078125 0.42916666666666664 0.0390625 0.05
1 0.54609375 0.37916666666666665 0.026562500000000003 0.029166666666666667
1 0.728125 0.3729166666666667 0.015625 0.03333333333333333
1 0.9078125 0.375 0.00625 0.016666666666666666
1 0.9320312500000001 0.3645833333333333 0.0078125 0.016666666666666666
1 0.0703125 0.39791666666666664 0.059375000000000004 0.0625
