1 0.515625 0.5145833333333333 0.84375 0.75
1 0.7921875 0.2875 0.209375 0.4083333333333333
1 0.88046875 0.23124999999999998 0.1640625 0.375
1 0.8992187500000001 0.178125 0.035937500000000004 0.07291666666666667
1 0.9265625000000001 0.15208333333333332 0.08125 0.1
1 0.94453125 0.121875 0.0390625 0.06041666666666667
1 0.2 0.19166666666666665 0.115625 0.13333333333333333
1 0.3765625 0.16145833333333334 0.046875 0.09375
1 0.47968750000000004 0.13645833333333332 0.03125 0.05625
1 0.9539062500000001 0.10729166666666666 0.0234375 0.052083333333333336
