0 0.415625 0.88125 0.05 0.06666666666666667
0 0.4625 0.8833333333333333 0.034375 0.058333333333333334
0 0.32265625000000003 0.8885416666666667 0.035937500000000004 0.05625
1 0.31796875 0.8875 0.0390625 0.05
0 0.74765625 0.871875 0.029687500000000002 0.06041666666666667
0 0.38359375 0.890625 0.010937500000000001 0.04791666666666666
0 0.4375 0.8885416666666667 0.018750000000000003 0.05625
0 0.50546875 0.8822916666666667 0.0140625 0.05625
0 0.35781250000000003 0.8854166666666666 0.03125 0.058333333333333334
0 0.36875 0.890625 0.018750000000000003 0.04791666666666666
1 0.29140625000000003 0.8864583333333333 0.029687500000000002 0.06041666666666667
1 0.6804687500000001 0.865625 0.026562500000000003 0.052083333333333336
1 0.5234375 0.875 0.040625 0.0875
1 0.26953125 0.8854166666666666 0.035937500000000004 0.05
1 0.7015625000000001 0.8572916666666667 0.018750000000000003 0.07708333333333334
1 0.9500000000000001 0.8541666666666666 0.043750000000000004 0.05
1 0.9085937500000001 0.8604166666666666 0.0171875 0.029166666666666667
1 0.5632812500000001 0.88125 0.026562500000000003 0.058333333333333334
