1 0.17109375000000002 0.7687793427230047 0.11093750000000001 0.31690140845070425
1 0.09453125000000001 0.5856807511737089 0.0703125 0.18544600938967137
1 0.50390625 0.6490610328638498 0.0890625 0.20892018779342725
1 0.60078125 0.5375586854460094 0.0546875 0.1267605633802817
1 0.6890625 0.5129107981220657 0.040625 0.09624413145539906
1 0.40625 0.5528169014084507 0.05 0.15258215962441316
1 0.765625 0.4624413145539906 0.025 0.056338028169014086
1 0.46640625 0.4823943661971831 0.0328125 0.07746478873239437
1 0.33125000000000004 0.5258215962441315 0.053125000000000006 0.13145539906103287
1 0.6546875000000001 0.5023474178403756 0.037500000000000006 0.08450704225352113
1 0.5546875 0.4859154929577465 0.034375 0.07511737089201878
1 0.63046875 0.471830985915493 0.026562500000000003 0.06572769953051644
1 0.5765625 0.49882629107981225 0.025 0.06807511737089202
1 0.70859375 0.5 0.0140625 0.07511737089201878
1 0.7937500000000001 0.45422535211267606 0.018750000000000003 0.03990610328638498
