1 0.30000000000000004 0.6072916666666667 0.07500000000000001 0.13958333333333334
1 0.60546875 0.8177083333333334 0.19843750000000002 0.33125
1 0.41953125 0.6916666666666667 0.1046875 0.19583333333333333
1 0.8765625 0.8208333333333333 0.14375000000000002 0.24166666666666667
1 0.8523437500000001 0.6927083333333334 0.1234375 0.12708333333333333
1 0.76171875 0.6208333333333333 0.09531250000000001 0.12083333333333333
1 0.19843750000000002 0.640625 0.09062500000000001 0.19791666666666666
1 0.07109375 0.51875 0.0328125 0.07083333333333333
1 0.0171875 0.525 0.025 0.06666666666666667
1 0.025781250000000002 0.6291666666666667 0.051562500000000004 0.1
1 0.34765625 0.5760416666666667 0.0390625 0.10625
1 0.58046875 0.6177083333333333 0.1078125 0.13958333333333334
1 0.13515625 0.5302083333333333 0.0203125 0.03958333333333333
1 0.5046875000000001 0.31145833333333334 0.9875 0.61875
