1 0.11093750000000001 0.7253521126760564 0.215625 0.5211267605633803
1 0.3015625 0.5727699530516432 0.0625 0.2112676056338028
1 0.21171875 0.5645539906103286 0.0484375 0.11502347417840376
1 0.240625 0.5070422535211268 0.037500000000000006 0.10328638497652583
1 0.74609375 0.4953051643192488 0.0671875 0.10328638497652583
1 0.9390625 0.539906103286385 0.12187500000000001 0.1643192488262911
1 0.6484375 0.4413145539906103 0.0125 0.04225352112676056
1 0.41718750000000004 0.761737089201878 0.15937500000000002 0.471830985915493
1 0.34296875000000004 0.5082159624413146 0.0421875 0.10093896713615023
1 0.32578125 0.7934272300469484 0.2609375 0.323943661971831
1 0.6976562500000001 0.4424882629107981 0.0328125 0.0539906103286385
1 0.353125 0.4424882629107981 0.018750000000000003 0.04460093896713615
1 0.321875 0.45892018779342725 0.043750000000000004 0.03051643192488263
1 0.49921875000000004 0.4812206572769953 0.9984375000000001 0.18309859154929578
