1 0.967 0.6413333333333333 0.066 0.16266666666666665
1 0.459 0.816 0.13 0.33066666666666666
0 0.13 0.6226666666666666 0.188 0.16799999999999998
0 0.195 0.5933333333333333 0.078 0.104
0 0.308 0.4973333333333333 0.1 0.12
0 0.743 0.576 0.10200000000000001 0.128
0 0.878 0.4666666666666667 0.064 0.058666666666666666
0 0.215 0.572 0.074 0.11466666666666667
0 0.241 0.5479999999999999 0.106 0.12533333333333332
0 0.485 0.5266666666666666 0.166 0.12533333333333332
0 0.9550000000000001 0.5519999999999999 0.09 0.11733333333333333
0 0.5710000000000001 0.64 0.15 0.10133333333333333
0 0.43 0.5506666666666666 0.08 0.072
0 0.366 0.7533333333333333 0.14 0.2906666666666667
0 0.646 0.4333333333333333 0.076 0.024
0 0.499 0.58 0.998 0.5466666666666666
