0 0.8460937500000001 0.890625 0.2703125 0.21875
0 0.3453125 0.8458333333333333 0.240625 0.25
0 0.9343750000000001 0.7375 0.12812500000000002 0.125
0 0.703125 0.740625 0.021875000000000002 0.06041666666666667
0 0.259375 0.7979166666666666 0.1125 0.1125
0 0.7781250000000001 0.7291666666666666 0.12187500000000001 0.13333333333333333
0 0.67109375 0.7302083333333333 0.029687500000000002 0.11875
0 0.603125 0.6375 0.025 0.05
0 0.86328125 0.7302083333333333 0.0703125 0.11041666666666666
0 0.01015625 0.6864583333333333 0.0203125 0.08125
0 0.553125 0.721875 0.1375 0.11041666666666666
0 0.59140625 0.7010416666666667 0.0203125 0.027083333333333334
0 0.4625 0.7333333333333333 0.7625000000000001 0.43333333333333335
