1 0.7421875 0.8372641509433962 0.375 0.2971698113207547
1 0.9476562500000001 0.6344339622641509 0.1046875 0.2830188679245283
1 0.41015625 0.8054245283018867 0.1390625 0.14858490566037735
1 0.178125 0.7523584905660377 0.35625 0.4292452830188679
1 0.05625 0.5884433962264151 0.1125 0.125
1 0.6078125000000001 0.5849056603773585 0.115625 0.15566037735849056
1 0.74921875 0.6084905660377359 0.1765625 0.13679245283018868
1 0.8734375000000001 0.6226415094339622 0.09375 0.1509433962264151
1 0.6726562500000001 0.5577830188679245 0.0421875 0.07783018867924528
1 0.10703125000000001 0.6509433962264151 0.07968750000000001 0.07075471698113207
1 0.1015625 0.5990566037735848 0.06875 0.0990566037735849
1 0.353125 0.7995283018867925 0.5875 0.40094339622641506
1 0.25234375000000003 0.5518867924528301 0.09531250000000001 0.10849056603773584
1 0.43515625 0.6698113207547169 0.8578125000000001 0.3773584905660377
