0 0.44921875 0.6654929577464789 0.24531250000000002 0.3685446009389671
0 0.78671875 0.505868544600939 0.11406250000000001 0.13849765258215962
0 0.8296875 0.4964788732394366 0.0625 0.08685446009389672
0 0.30234375 0.6983568075117371 0.2265625 0.4953051643192488
0 0.59375 0.5164319248826291 0.134375 0.15023474178403756
0 0.18203125 0.7464788732394366 0.3328125 0.4507042253521127
0 0.7015625000000001 0.5176056338028169 0.125 0.1619718309859155
0 0.41875 0.5903755868544601 0.1 0.17136150234741784
0 0.59609375 0.6408450704225352 0.29531250000000003 0.3755868544600939
0 0.6640625 0.5492957746478874 0.134375 0.18309859154929578
0 0.2328125 0.6913145539906104 0.240625 0.392018779342723
0 0.48984375 0.5387323943661972 0.1546875 0.15258215962441316
0 0.5875 0.5974178403755869 0.296875 0.16666666666666666
