0 0.24531250000000002 0.6978922716627635 0.340625 0.29508196721311475
0 0.81796875 0.7494145199063231 0.3296875 0.37470725995316156
0 0.06875 0.5187353629976581 0.07187500000000001 0.08665105386416862
0 0.06640625 0.6826697892271663 0.1328125 0.297423887587822
0 0.60703125 0.629976580796253 0.3046875 0.34660421545667447
0 0.39765625000000004 0.550351288056206 0.13593750000000002 0.1592505854800937
0 0.10312500000000001 0.5866510538641686 0.134375 0.07728337236533958
0 0.6828125 0.563231850117096 0.12187500000000001 0.19437939110070257
0 0.7359375 0.5245901639344263 0.09375 0.08899297423887588
0 0.3875 0.6545667447306791 0.14375000000000002 0.23185011709601874
0 0.1078125 0.5269320843091335 0.05 0.08430913348946135
0 0.278125 0.5819672131147541 0.125 0.18032786885245902
