1 0.83125 0.37146226415094336 0.040625 0.09669811320754716
0 0.33671875 0.4917452830188679 0.0203125 0.0589622641509434
0 0.35625 0.4988207547169811 0.015625 0.0589622641509434
0 0.37578125 0.5047169811320754 0.029687500000000002 0.05660377358490566
0 0.58359375 0.5294811320754716 0.1296875 0.09669811320754716
0 0.42500000000000004 0.5153301886792453 0.018750000000000003 0.06367924528301887
0 0.45859375 0.49410377358490565 0.06406250000000001 0.1061320754716981
0 0.546875 0.41391509433962265 0.07187500000000001 0.08726415094339622
0 0.31640625 0.4846698113207547 0.0140625 0.04952830188679245
0 0.42812500000000003 0.4858490566037736 0.05 0.11320754716981132
0 0.540625 0.4669811320754717 0.07187500000000001 0.02830188679245283
0 0.9750000000000001 0.4693396226415094 0.05 0.14150943396226415
0 0.9320312500000001 0.49056603773584906 0.026562500000000003 0.07547169811320754
0 0.3984375 0.4705188679245283 0.037500000000000006 0.0589622641509434
0 0.33203125 0.31839622641509435 0.2671875 0.18396226415094338
