1 0.7976562500000001 0.6072916666666667 0.20468750000000002 0.19375
1 0.44765625000000003 0.60625 0.1390625 0.15416666666666667
1 0.2890625 0.5958333333333333 0.115625 0.08333333333333333
1 0.6234375000000001 0.525 0.03125 0.03333333333333333
1 0.9421875000000001 0.528125 0.025 0.06458333333333333
1 0.8851562500000001 0.5875 0.0546875 0.15833333333333333
1 0.5890625 0.5989583333333334 0.0625 0.12291666666666666
1 0.6429687500000001 0.5864583333333333 0.0734375 0.10208333333333333
1 0.16484375 0.5885416666666666 0.0578125 0.11875
1 0.35390625000000003 0.584375 0.0671875 0.08541666666666667
1 0.22031250000000002 0.58125 0.084375 0.09583333333333333
1 0.9656250000000001 0.55 0.05 0.08333333333333333
1 0.7515625 0.5302083333333333 0.19375 0.07708333333333334
