1 0.6359375 0.7429577464788732 0.03125 0.1056338028169014
1 0.5203125000000001 0.8509389671361502 0.05625 0.1431924882629108
1 0.7898437500000001 0.8650234741784038 0.06406250000000001 0.19483568075117372
1 0.10546875 0.7758215962441315 0.0703125 0.12441314553990611
1 0.8695312500000001 0.863849765258216 0.0671875 0.13615023474178403
1 0.43515625 0.7535211267605634 0.0484375 0.11267605633802817
1 0.19140625 0.7828638497652582 0.0578125 0.13849765258215962
1 0.046875 0.761737089201878 0.06875 0.13849765258215962
1 0.10546875 0.4154929577464789 0.029687500000000002 0.04225352112676056
1 0.9625 0.8849765258215962 0.07500000000000001 0.15492957746478875
1 0.6953125 0.7417840375586855 0.046875 0.11737089201877934
1 0.86875 0.6607981220657277 0.034375 0.09624413145539906
1 0.8093750000000001 0.6549295774647887 0.028125 0.04225352112676056
1 0.5 0.47769953051643194 0.9968750000000001 0.7723004694835681
