0 0.8757812500000001 0.884375 0.1265625 0.19791666666666666
0 0.8210937500000001 0.7104166666666667 0.0734375 0.22083333333333333
0 0.29375 0.8729166666666667 0.17500000000000002 0.22916666666666666
0 0.5140625 0.5875 0.040625 0.10416666666666667
0 0.03828125 0.46979166666666666 0.0765625 0.09375
0 0.51015625 0.5322916666666666 0.026562500000000003 0.08125
0 0.17890625000000002 0.559375 0.029687500000000002 0.13958333333333334
0 0.47578125000000004 0.4583333333333333 0.0390625 0.075
0 0.80625 0.5291666666666667 0.028125 0.1
0 0.23046875 0.5020833333333333 0.026562500000000003 0.0875
0 0.59375 0.6895833333333333 0.1125 0.23333333333333334
0 0.49375 0.7270833333333333 0.703125 0.5166666666666666
