0 0.115625 0.6177083333333333 0.19375 0.22291666666666665
1 0.35000000000000003 0.5041666666666667 0.028125 0.05
1 0.3828125 0.5020833333333333 0.037500000000000006 0.041666666666666664
1 0.41015625 0.5072916666666667 0.0171875 0.03958333333333333
1 0.434375 0.5083333333333333 0.040625 0.041666666666666664
1 0.23984375000000002 0.5104166666666666 0.060937500000000006 0.04583333333333333
1 0.28750000000000003 0.509375 0.043750000000000004 0.03958333333333333
1 0.0484375 0.5177083333333333 0.028125 0.05625
1 0.71875 0.5041666666666667 0.018750000000000003 0.0375
1 0.5796875 0.5416666666666666 0.05 0.125
1 0.9734375000000001 0.6989583333333333 0.053125000000000006 0.09375
1 0.54921875 0.48541666666666666 0.0078125 0.020833333333333332
1 0.9617187500000001 0.59375 0.0765625 0.13333333333333333
1 0.51796875 0.5260416666666666 0.6671875 0.14375
