0 0.835 0.7470059880239521 0.19 0.3383233532934132
0 0.666 0.6841317365269461 0.052000000000000005 0.18263473053892218
0 0.548 0.7035928143712575 0.12 0.17365269461077845
0 0.493 0.7874251497005988 0.146 0.3473053892215569
0 0.20800000000000002 0.690119760479042 0.108 0.24251497005988026
0 0.371 0.7724550898203594 0.126 0.32335329341317365
0 0.325 0.7485029940119761 0.11800000000000001 0.32335329341317365
0 0.438 0.8023952095808383 0.07200000000000001 0.2694610778443114
0 0.868 0.7709580838323353 0.176 0.26047904191616766
0 0.254 0.7395209580838323 0.136 0.28742514970059885
0 0.026000000000000002 0.8592814371257486 0.052000000000000005 0.24550898203592816
0 0.023 0.75 0.046 0.09880239520958084
