0 0.7328125000000001 0.8867924528301886 0.06875 0.18867924528301885
0 0.503125 0.8537735849056604 0.037500000000000006 0.12264150943396226
0 0.38671875 0.7771226415094339 0.0078125 0.07311320754716981
0 0.35781250000000003 0.7040094339622641 0.003125 0.02122641509433962
0 0.784375 0.8455188679245282 0.0625 0.125
0 0.5375 0.7771226415094339 0.018750000000000003 0.08254716981132075
0 0.58828125 0.8419811320754716 0.0390625 0.10849056603773584
0 0.628125 0.9080188679245282 0.07187500000000001 0.17452830188679244
0 0.8203125 0.9705188679245282 0.0625 0.05424528301886792
0 0.45390625 0.7570754716981132 0.0171875 0.051886792452830184
0 0.43828125 0.7735849056603773 0.0171875 0.07075471698113207
0 0.56171875 0.8101415094339622 0.2890625 0.14858490566037735
