0 0.34375 0.6651053864168618 0.06875 0.477751756440281
0 0.22578125000000002 0.6569086651053864 0.1453125 0.5690866510538641
0 0.2625 0.6615925058548009 0.21875 0.5690866510538641
0 0.22578125000000002 0.48360655737704916 0.1421875 0.5456674473067916
0 0.7468750000000001 0.47423887587822017 0.046875 0.10070257611241218
0 0.70078125 0.4426229508196721 0.1046875 0.13114754098360656
0 0.6796875 0.43559718969555034 0.125 0.1358313817330211
1 0.8328125000000001 0.4484777517564403 0.1375 0.15690866510538642
0 0.9703125 0.509367681498829 0.059375000000000004 0.14754098360655737
0 0.7156250000000001 0.46955503512880564 0.021875000000000002 0.08665105386416862
0 0.63984375 0.44028103044496486 0.0734375 0.10304449648711944
0 0.7273437500000001 0.4672131147540984 0.029687500000000002 0.10070257611241218
1 0.8851562500000001 0.47540983606557374 0.1046875 0.14988290398126464
0 0.5593750000000001 0.4332552693208431 0.034375 0.07494145199063232
1 0.95234375 0.4882903981264637 0.0859375 0.14285714285714285
1 0.9859375 0.5152224824355972 0.028125 0.13114754098360656
1 0.7625000000000001 0.3665105386416862 0.05 0.07728337236533958
0 0.628125 0.4262295081967213 0.08125 0.117096018735363
1 0.4421875 0.5046838407494145 0.153125 0.22716627634660422
0 0.38984375000000004 0.4648711943793911 0.4234375 0.14754098360655737
