0 0.45078125 0.5615835777126099 0.1546875 0.2316715542521994
0 0.6328125 0.717008797653959 0.353125 0.39589442815249265
1 0.8859375 0.655425219941349 0.134375 0.21407624633431085
1 0.7250000000000001 0.5527859237536656 0.15937500000000002 0.20234604105571846
1 0.8203125 0.5131964809384164 0.10625000000000001 0.22287390029325513
1 0.45390625 0.5571847507331378 0.1796875 0.2404692082111437
1 0.31796875 0.40175953079178883 0.1265625 0.20527859237536658
1 0.14140625 0.4662756598240469 0.0390625 0.09970674486803519
1 0.63203125 0.7595307917888563 0.3515625 0.3225806451612903
1 0.109375 0.4046920821114369 0.05 0.11730205278592376
1 0.22812500000000002 0.5029325513196481 0.11875000000000001 0.17302052785923755
1 0.0484375 0.4413489736070381 0.0625 0.13196480938416422
1 0.50625 0.45454545454545453 0.07500000000000001 0.1407624633431085
