1 0.6801310043668122 0.8296875 0.6397379912663755 0.30312500000000003
1 0.5010917030567685 0.42812500000000003 0.19868995633187772 0.23125
1 0.6157205240174672 0.34921875 0.09170305676855894 0.060937500000000006
1 0.043668122270742356 0.3640625 0.08733624454148471 0.19375
1 0.39737991266375544 0.3328125 0.05676855895196506 0.07500000000000001
1 0.6801310043668122 0.36875 0.14192139737991266 0.078125
1 0.8504366812227073 0.4109375 0.09388646288209607 0.08125
1 0.026200873362445413 0.4703125 0.05240174672489083 0.09375
1 0.8427947598253275 0.5859375 0.20524017467248906 0.325
1 0.5622270742358079 0.31171875000000004 0.06768558951965065 0.051562500000000004
