0 0.7132812500000001 0.886150234741784 0.1703125 0.15258215962441316
1 0.60078125 0.903755868544601 0.2421875 0.19248826291079812
1 0.171875 0.9342723004694836 0.240625 0.13145539906103287
0 0.6390625000000001 0.24530516431924884 0.028125 0.04460093896713615
0 0.5828125000000001 0.2511737089201878 0.021875000000000002 0.04225352112676056
0 0.68125 0.24882629107981222 0.034375 0.04225352112676056
0 0.8695312500000001 0.23943661971830987 0.0203125 0.03755868544600939
0 0.5703125 0.25 0.021875000000000002 0.04460093896713615
0 0.73046875 0.23943661971830987 0.035937500000000004 0.04225352112676056
0 0.45390625 0.2546948356807512 0.029687500000000002 0.0539906103286385
