0 0.7390625000000001 0.6782407407407407 0.1625 0.20833333333333331
0 0.66953125 0.40162037037037035 0.0484375 0.06712962962962962
0 0.72421875 0.40509259259259256 0.0484375 0.06018518518518518
0 0.9640625 0.38541666666666663 0.037500000000000006 0.03009259259259259
0 0.8367187500000001 0.4097222222222222 0.035937500000000004 0.06481481481481481
0 0.88046875 0.41550925925925924 0.0703125 0.0949074074074074
0 0.8390625 0.3796296296296296 0.03125 0.037037037037037035
0 0.7781250000000001 0.3819444444444444 0.015625 0.032407407407407406
0 0.20703125 0.6759259259259259 0.1265625 0.24537037037037035
0 0.2421875 0.5543981481481481 0.05625 0.05324074074074074
0 0.1 0.5185185185185185 0.2 0.2546296296296296
0 0.20703125 0.6631944444444444 0.1296875 0.26157407407407407
0 0.8132812500000001 0.45023148148148145 0.07968750000000001 0.07638888888888888
0 0.49609375 0.46064814814814814 0.9921875 0.16666666666666666
