1 0.42031250000000003 0.565625 0.24375000000000002 0.25625
1 0.6546875000000001 0.553125 0.16562500000000002 0.21875
1 0.17500000000000002 0.55 0.07500000000000001 0.125
1 0.23750000000000002 0.59375 0.12812500000000002 0.13333333333333333
1 0.08750000000000001 0.5302083333333333 0.08125 0.08958333333333333
1 0.55078125 0.53125 0.13593750000000002 0.175
1 0.24921875000000002 0.440625 0.026562500000000003 0.052083333333333336
1 0.17734375000000002 0.4875 0.060937500000000006 0.041666666666666664
1 0.44609375 0.5114583333333333 0.0328125 0.09791666666666667
1 0.30234375 0.4791666666666667 0.045312500000000006 0.0625
1 0.60546875 0.46979166666666666 0.5703125 0.15625
