1 0.309375 0.7901376146788991 0.09062500000000001 0.15825688073394495
1 0.6195312500000001 0.805045871559633 0.08281250000000001 0.13302752293577982
1 0.43671875000000004 0.7660550458715597 0.0859375 0.14220183486238533
1 0.5750000000000001 0.7786697247706422 0.028125 0.11238532110091744
1 0.5484375 0.7660550458715597 0.03125 0.12385321100917432
1 0.039843750000000004 0.7465596330275229 0.0578125 0.10321100917431193
1 0.8 0.7534403669724771 0.040625 0.09403669724770643
1 0.86640625 0.761467889908257 0.051562500000000004 0.10091743119266056
1 0.6804687500000001 0.7637614678899083 0.026562500000000003 0.11467889908256881
1 0.5140625 0.7144495412844037 0.03125 0.11238532110091744
1 0.22890625 0.9002293577981652 0.1015625 0.17201834862385323
1 0.7328125000000001 0.7454128440366973 0.037500000000000006 0.10091743119266056
1 0.47890625000000003 0.7591743119266056 0.026562500000000003 0.10550458715596331
1 0.11953125 0.7626146788990826 0.0328125 0.10779816513761468
