0 0.6726562500000001 0.6578947368421052 0.0234375 0.028708133971291863
0 0.8187500000000001 0.4473684210526316 0.034375 0.03349282296650718
0 0.59296875 0.7607655502392344 0.026562500000000003 0.03827751196172249
0 0.57421875 0.6925837320574162 0.026562500000000003 0.04066985645933014
0 0.6671875 0.7188995215311005 0.021875000000000002 0.03588516746411483
0 0.7507812500000001 0.5239234449760766 0.0234375 0.03827751196172249
0 0.5007812500000001 0.8086124401913876 0.0328125 0.05263157894736842
0 0.34921875 0.5705741626794258 0.0328125 0.04066985645933014
0 0.31953125000000004 0.708133971291866 0.0140625 0.03827751196172249
0 0.7117187500000001 0.6136363636363636 0.0203125 0.045454545454545456
0 0.7625000000000001 0.43062200956937796 0.034375 0.028708133971291863
0 0.32265625000000003 0.6160287081339713 0.004687500000000001 0.03110047846889952
0 0.62265625 0.673444976076555 0.026562500000000003 0.045454545454545456
0 0.5609375 0.5215311004784688 0.734375 0.6172248803827751
