1 0.8375 0.6565420560747663 0.10312500000000001 0.2757009345794392
1 0.6234375000000001 0.7955607476635513 0.178125 0.35280373831775697
1 0.08281250000000001 0.639018691588785 0.037500000000000006 0.11915887850467288
1 0.75703125 0.6063084112149533 0.0734375 0.16121495327102803
1 0.5593750000000001 0.5630841121495327 0.053125000000000006 0.10747663551401869
1 0.9695312500000001 0.6004672897196262 0.060937500000000006 0.14485981308411214
1 0.3015625 0.8457943925233644 0.253125 0.2850467289719626
1 0.9171875 0.639018691588785 0.05625 0.1939252336448598
1 0.14140625 0.733644859813084 0.17343750000000002 0.3925233644859813
1 0.5046875000000001 0.6378504672897196 0.13125 0.2616822429906542
1 0.26406250000000003 0.6144859813084111 0.084375 0.16822429906542055
1 0.037500000000000006 0.6542056074766355 0.07500000000000001 0.21495327102803738
1 0.659375 0.5432242990654205 0.10312500000000001 0.12383177570093457
1 0.42421875000000003 0.5455607476635513 0.8234375 0.1425233644859813
