1 0.74609375 0.7125 0.0234375 0.04583333333333333
1 0.12109375 0.6677083333333333 0.0390625 0.027083333333333334
1 0.23515625 0.653125 0.010937500000000001 0.027083333333333334
1 0.22187500000000002 0.6510416666666666 0.018750000000000003 0.035416666666666666
1 0.20468750000000002 0.646875 0.021875000000000002 0.035416666666666666
1 0.44921875 0.671875 0.010937500000000001 0.022916666666666665
1 0.6359375 0.953125 0.053125000000000006 0.07291666666666667
1 0.371875 0.6822916666666666 0.018750000000000003 0.022916666666666665
1 0.38593750000000004 0.6666666666666666 0.018750000000000003 0.016666666666666666
1 0.46953125 0.6604166666666667 0.0078125 0.016666666666666666
1 0.46015625000000004 0.653125 0.0078125 0.01875
1 0.5734375 0.6458333333333334 0.00625 0.008333333333333333
1 0.18515625000000002 0.6489583333333333 0.0234375 0.03125
1 0.14375000000000002 0.640625 0.0625 0.04375
