1 0.7046875 0.671875 0.12187500000000001 0.26875
0 0.92734375 0.6427083333333333 0.0890625 0.07291666666666667
0 0.7835937500000001 0.6177083333333333 0.029687500000000002 0.03958333333333333
0 0.978125 0.70625 0.040625 0.15833333333333333
0 0.82578125 0.6333333333333333 0.0546875 0.075
0 0.6109375 0.740625 0.05625 0.23958333333333334
0 0.9164062500000001 0.7291666666666666 0.0390625 0.04583333333333333
0 0.88203125 0.634375 0.0671875 0.05625
0 0.86484375 0.634375 0.0578125 0.06041666666666667
0 0.7828125 0.5885416666666666 0.040625 0.03958333333333333
0 0.79609375 0.5614583333333333 0.0484375 0.03125
0 0.890625 0.59375 0.043750000000000004 0.025
0 0.884375 0.678125 0.1 0.08125
