1 0.41953125 0.5925058548009368 0.0734375 0.14988290398126464
1 0.3484375 0.5152224824355972 0.025 0.06088992974238876
1 0.30390625000000004 0.49765807962529274 0.0171875 0.06323185011709602
1 0.59296875 0.4847775175644028 0.026562500000000003 0.03747072599531616
1 0.47734375 0.4859484777517564 0.0203125 0.04918032786885246
1 0.50546875 0.48009367681498827 0.0171875 0.04215456674473068
1 0.39765625000000004 0.5058548009367682 0.0234375 0.05620608899297424
1 0.32265625000000003 0.4894613583138173 0.0203125 0.05152224824355972
1 0.43828125 0.4929742388758782 0.0203125 0.04918032786885246
1 0.37890625 0.4847775175644028 0.0234375 0.05152224824355972
