1 0.671875 0.4370629370629371 0.053125000000000006 0.11888111888111888
1 0.33671875 0.5606060606060606 0.09531250000000001 0.2494172494172494
1 0.5453125 0.5174825174825175 0.10625000000000001 0.2331002331002331
1 0.7140625 0.4289044289044289 0.046875 0.08391608391608392
1 0.21015625000000002 0.6538461538461539 0.2609375 0.48717948717948717
1 0.8054687500000001 0.41375291375291373 0.029687500000000002 0.07692307692307693
1 0.86640625 0.40675990675990675 0.026562500000000003 0.04895104895104895
1 0.91015625 0.4090909090909091 0.0203125 0.039627039627039624
1 0.43515625 0.5268065268065268 0.0859375 0.21445221445221446
1 0.8359375 0.41375291375291373 0.018750000000000003 0.053613053613053616
1 0.4921875 0.4755244755244755 0.040625 0.13053613053613053
1 0.9398437500000001 0.40093240093240096 0.0203125 0.03263403263403263
