1 0.8500000000000001 0.5510416666666667 0.30000000000000004 0.26875
1 0.74765625 0.61875 0.4390625 0.2875
1 0.5789062500000001 0.4947916666666667 0.0890625 0.12291666666666666
1 0.35546875 0.46249999999999997 0.09531250000000001 0.15
1 0.2859375 0.534375 0.08125 0.13958333333333334
1 0.6570312500000001 0.74375 0.6703125000000001 0.5125
1 0.6765625000000001 0.4666666666666667 0.09062500000000001 0.1
1 0.46015625000000004 0.5208333333333334 0.1390625 0.17083333333333334
1 0.7937500000000001 0.41875 0.03125 0.06666666666666667
1 0.89375 0.459375 0.09375 0.06041666666666667
1 0.7609375 0.5822916666666667 0.25 0.21458333333333332
1 0.90234375 0.5197916666666667 0.1921875 0.13541666666666666
1 0.22187500000000002 0.6177083333333333 0.18125000000000002 0.20625
1 0.49921875000000004 0.678125 0.9984375000000001 0.6395833333333333
