1 0.20078125000000002 0.8115942028985507 0.37343750000000003 0.37681159420289856
1 0.9187500000000001 0.7572463768115941 0.1625 0.33091787439613524
1 0.91171875 0.5893719806763285 0.1765625 0.2801932367149758
1 0.90390625 0.4142512077294686 0.1921875 0.1714975845410628
1 0.88984375 0.4190821256038647 0.060937500000000006 0.06521739130434782
1 0.4625 0.36231884057971014 0.059375000000000004 0.1111111111111111
1 0.48750000000000004 0.34178743961352653 0.059375000000000004 0.09420289855072464
1 0.5046875000000001 0.3357487922705314 0.0625 0.09178743961352656
1 0.96875 0.37077294685990336 0.0625 0.07004830917874395
1 0.215625 0.3140096618357488 0.018750000000000003 0.07246376811594203
1 0.92890625 0.30193236714975846 0.0546875 0.07246376811594203
1 0.5085937500000001 0.26570048309178745 0.0390625 0.043478260869565216
1 0.9390625 0.3961352657004831 0.12187500000000001 0.07729468599033816
1 0.5046875000000001 0.6388888888888888 0.9875 0.717391304347826
