1 0.616 0.8026666666666666 0.196 0.39466666666666667
1 0.79 0.772 0.212 0.45599999999999996
1 0.919 0.7626666666666666 0.162 0.448
1 0.492 0.572 0.10400000000000001 0.15733333333333333
1 0.627 0.5666666666666667 0.082 0.09333333333333332
1 0.805 0.5453333333333333 0.082 0.12533333333333332
1 0.5660000000000001 0.6506666666666666 0.07200000000000001 0.176
1 0.733 0.5826666666666667 0.054 0.088
1 0.668 0.636 0.088 0.24266666666666667
1 0.425 0.7706666666666666 0.21 0.432
1 0.259 0.8013333333333333 0.162 0.37066666666666664
1 0.095 0.7506666666666666 0.178 0.34933333333333333
1 0.43 0.5426666666666666 0.056 0.09333333333333332
