0 0.211 0.7811671087533156 0.082 0.16180371352785144
0 0.765 0.7082228116710875 0.034 0.10610079575596816
0 0.849 0.6538461538461539 0.022 0.0663129973474801
0 0.867 0.6750663129973474 0.014 0.04509283819628647
0 0.88 0.6644562334217506 0.028 0.055702917771883284
0 0.973 0.623342175066313 0.034 0.03713527851458886
0 0.729 0.6803713527851458 0.026000000000000002 0.07692307692307691
0 0.793 0.6843501326259946 0.018000000000000002 0.03713527851458886
0 0.75 0.7029177718832891 0.016 0.0636604774535809
0 0.8220000000000001 0.6631299734748011 0.024 0.0636604774535809
