1 0.09531250000000001 0.6563146997929608 0.12187500000000001 0.2028985507246377
1 0.28359375000000003 0.5931677018633541 0.0390625 0.10144927536231885
1 0.52734375 0.5745341614906833 0.051562500000000004 0.13457556935817808
1 0.41953125 0.5921325051759835 0.0390625 0.12422360248447206
1 0.246875 0.572463768115942 0.046875 0.12215320910973086
1 0.48750000000000004 0.5455486542443064 0.028125 0.09730848861283645
1 0.3171875 0.6014492753623188 0.05625 0.13871635610766048
1 0.38984375000000004 0.5910973084886129 0.026562500000000003 0.10559006211180125
1 0.5078125 0.5610766045548654 0.0125 0.05797101449275363
1 0.596875 0.556935817805383 0.034375 0.09937888198757765
1 0.7367187500000001 0.5734989648033126 0.051562500000000004 0.15320910973084886
1 0.64609375 0.5900621118012422 0.051562500000000004 0.13250517598343686
1 0.78671875 0.5745341614906833 0.0484375 0.11387163561076605
1 0.53046875 0.5527950310559007 0.38906250000000003 0.14906832298136646
