1 0.22265625 0.532051282051282 0.4109375 0.6666666666666666
1 0.5078125 0.45032051282051283 0.19375 0.5032051282051282
1 0.5906250000000001 0.43108974358974356 0.16875 0.47115384615384615
1 0.6546875000000001 0.4519230769230769 0.096875 0.358974358974359
1 0.68359375 0.40544871794871795 0.1203125 0.4006410256410256
1 0.7312500000000001 0.36378205128205127 0.140625 0.40705128205128205
1 0.76328125 0.34455128205128205 0.1046875 0.3301282051282051
1 0.7984375 0.3733974358974359 0.08125 0.23397435897435898
1 0.434375 0.46634615384615385 0.184375 0.5288461538461539
1 0.38515625000000003 0.5432692307692307 0.16718750000000002 0.5544871794871795
1 0.4265625 0.532051282051282 0.15000000000000002 0.5192307692307692
1 0.83359375 0.36858974358974356 0.0859375 0.23076923076923075
1 0.8656250000000001 0.34615384615384615 0.09062500000000001 0.23717948717948717
