0 0.146875 0.8032786885245902 0.29375 0.32786885245901637
0 0.3125 0.8009367681498829 0.125 0.14988290398126464
0 0.17890625000000002 0.6697892271662763 0.07968750000000001 0.03747072599531616
0 0.18828125 0.6967213114754098 0.1421875 0.07259953161592506
0 0.30078125 0.6721311475409836 0.1046875 0.08899297423887588
0 0.36875 0.5971896955503513 0.065625 0.0702576112412178
0 0.29765625 0.8407494145199064 0.0890625 0.16393442622950818
0 0.24609375 0.6042154566744731 0.0390625 0.06088992974238876
0 0.35625 0.6615925058548009 0.053125000000000006 0.09601873536299765
0 0.29453125 0.5901639344262295 0.0140625 0.03747072599531616
0 0.19765625 0.7002341920374707 0.3953125 0.3559718969555035
