0 0.768 0.6933333333333334 0.10400000000000001 0.23466666666666666
1 0.35100000000000003 0.5746666666666667 0.106 0.12533333333333332
1 0.599 0.5706666666666667 0.05 0.10666666666666666
1 0.517 0.5613333333333334 0.046 0.08266666666666667
1 0.721 0.5653333333333334 0.038 0.064
1 0.5660000000000001 0.5746666666666667 0.02 0.056
1 0.9470000000000001 0.5333333333333333 0.026000000000000002 0.03733333333333333
1 0.6940000000000001 0.5533333333333333 0.028 0.04
1 0.836 0.5466666666666666 0.032 0.03733333333333333
1 0.912 0.5426666666666666 0.04 0.034666666666666665
