1 0.7312500000000001 0.6895833333333333 0.043750000000000004 0.08333333333333333
1 0.67734375 0.6947916666666667 0.0546875 0.06458333333333333
1 0.6195312500000001 0.6927083333333334 0.045312500000000006 0.05625
1 0.565625 0.6927083333333334 0.025 0.052083333333333336
1 0.5140625 0.69375 0.043750000000000004 0.058333333333333334
1 0.453125 0.6875 0.034375 0.05416666666666667
1 0.77890625 0.703125 0.0484375 0.05625
1 0.21796875000000002 0.6697916666666667 0.09531250000000001 0.07708333333333334
1 0.13125 0.66875 0.09375 0.075
1 0.325 0.6760416666666667 0.07500000000000001 0.07291666666666667
1 0.84140625 0.696875 0.0578125 0.07291666666666667
1 0.41171875 0.6864583333333333 0.0421875 0.06041666666666667
1 0.46953125 0.6916666666666667 0.18281250000000002 0.04583333333333333
