0 0.56640625 0.5281030444964872 0.16718750000000002 0.14754098360655737
0 0.19375 0.4297423887587822 0.07187500000000001 0.10070257611241218
0 0.43046875 0.351288056206089 0.0546875 0.06088992974238876
0 0.39140625 0.37822014051522246 0.0484375 0.07728337236533958
0 0.4765625 0.3548009367681499 0.025 0.03981264637002342
0 0.30000000000000004 0.3957845433255269 0.09062500000000001 0.07494145199063232
0 0.5085937500000001 0.33021077283372363 0.045312500000000006 0.046838407494145196
0 0.5125000000000001 0.46955503512880564 0.046875 0.06791569086651054
0 0.34765625 0.3875878220140515 0.060937500000000006 0.09601873536299765
0 0.47421875 0.33840749414519905 0.051562500000000004 0.0585480093676815
0 0.15390625000000002 0.45901639344262296 0.07968750000000001 0.07962529274004684
