0 0.962 0.6106666666666667 0.056 0.112
0 0.752 0.572 0.036000000000000004 0.088
0 0.643 0.5519999999999999 0.026000000000000002 0.064
0 0.543 0.5466666666666666 0.034 0.06933333333333333
0 0.453 0.5453333333333333 0.014 0.072
0 0.675 0.5493333333333333 0.03 0.064
0 0.47800000000000004 0.5386666666666666 0.024 0.05333333333333333
0 0.428 0.5226666666666666 0.02 0.042666666666666665
0 0.506 0.5213333333333333 0.004 0.018666666666666665
0 0.5760000000000001 0.5226666666666666 0.02 0.026666666666666665
