1 0.45625000000000004 0.40625 0.16562500000000002 0.20833333333333334
1 0.6023437500000001 0.4322916666666667 0.2734375 0.29791666666666666
1 0.31015625 0.3458333333333333 0.11406250000000001 0.12083333333333333
1 0.46328125000000003 0.48333333333333334 0.0546875 0.13333333333333333
1 0.32890625 0.36354166666666665 0.1171875 0.11041666666666666
1 0.29296875 0.33229166666666665 0.0890625 0.12708333333333333
1 0.7859375000000001 0.5302083333333333 0.31875000000000003 0.33541666666666664
1 0.7000000000000001 0.4614583333333333 0.225 0.21458333333333332
1 0.27578125000000003 0.33125 0.0859375 0.09166666666666666
1 0.37421875000000004 0.37083333333333335 0.1234375 0.13333333333333333
1 0.46640625 0.321875 0.0546875 0.06041666666666667
