1 0.49843750000000003 0.5993150684931506 0.25 0.5410958904109588
1 0.06015625 0.634703196347032 0.11406250000000001 0.2602739726027397
1 0.035937500000000004 0.6940639269406392 0.07187500000000001 0.2420091324200913
1 0.05859375 0.2933789954337899 0.0859375 0.24429223744292236
1 0.69921875 0.46232876712328763 0.22031250000000002 0.45890410958904104
1 0.5125000000000001 0.2408675799086758 0.059375000000000004 0.12100456621004566
1 0.9140625 0.3207762557077625 0.171875 0.28538812785388123
1 0.7507812500000001 0.2705479452054794 0.1203125 0.18949771689497716
1 0.821875 0.3059360730593607 0.115625 0.2648401826484018
1 0.18671875000000002 0.3904109589041096 0.1609375 0.3561643835616438
1 0.5710937500000001 0.2511415525114155 0.08281250000000001 0.1780821917808219
