0 0.69921875 0.8384030418250951 0.0578125 0.07984790874524715
0 0.88203125 0.714828897338403 0.0328125 0.08365019011406843
1 0.36484375 0.5760456273764258 0.0328125 0.06463878326996197
1 0.39609375 0.5703422053231939 0.0328125 0.07604562737642585
1 0.45546875000000003 0.55893536121673 0.0328125 0.060836501901140684
1 0.48281250000000003 0.5551330798479087 0.028125 0.060836501901140684
0 0.9695312500000001 0.6368821292775665 0.026562500000000003 0.07224334600760456
0 0.7609375 0.8060836501901141 0.043750000000000004 0.12927756653992395
1 0.51875 0.5513307984790875 0.03125 0.060836501901140684
1 0.52890625 0.55893536121673 0.029687500000000002 0.045627376425855515
1 0.5750000000000001 0.5380228136882129 0.021875000000000002 0.057034220532319393
1 0.5890625 0.5285171102661597 0.03125 0.060836501901140684
1 0.25703125 0.5703422053231939 0.029687500000000002 0.060836501901140684
1 0.2234375 0.5893536121673004 0.025 0.07604562737642585
1 0.55390625 0.5361216730038023 0.029687500000000002 0.08365019011406843
1 0.3328125 0.5760456273764258 0.025 0.07984790874524715
0 0.6796875 0.8688212927756654 0.053125000000000006 0.09505703422053231
0 0.7937500000000001 0.7832699619771863 0.046875 0.08365019011406843
1 0.64375 0.5190114068441065 0.021875000000000002 0.06463878326996197
1 0.49140625000000004 0.46387832699619774 0.9828125000000001 0.17490494296577946
