1 0.5750000000000001 0.789906103286385 0.309375 0.3685446009389671
1 0.77109375 0.4507042253521127 0.0328125 0.09389671361502347
1 0.7781250000000001 0.8321596244131455 0.22187500000000002 0.3075117370892019
1 0.6101562500000001 0.5129107981220657 0.1390625 0.19953051643192488
1 0.5015625 0.6596244131455399 0.259375 0.3943661971830986
1 0.4578125 0.6150234741784038 0.23750000000000002 0.3474178403755869
1 0.790625 0.6737089201877935 0.24375000000000002 0.23943661971830987
1 0.6843750000000001 0.5 0.05625 0.15023474178403756
1 0.7195312500000001 0.5269953051643192 0.0578125 0.09624413145539906
1 0.35781250000000003 0.642018779342723 0.07500000000000001 0.12441314553990611
1 0.7468750000000001 0.4847417840375587 0.040625 0.07746478873239437
1 0.58046875 0.5434272300469484 0.15156250000000002 0.19483568075117372
1 0.33984375 0.5774647887323944 0.1234375 0.14553990610328638
1 0.72421875 0.5375586854460094 0.35781250000000003 0.215962441314554
