0 0.4875 0.62265625 0.4875 0.7546875000000001
0 0.9104166666666667 0.63046875 0.175 0.2578125
0 0.036458333333333336 0.5281250000000001 0.06875 0.19375
0 0.8177083333333334 0.36484375 0.15625 0.13593750000000002
0 0.7208333333333333 0.39375000000000004 0.0625 0.08750000000000001
0 0.15 0.371875 0.2375 0.115625
0 0.353125 0.3609375 0.13541666666666666 0.109375
0 0.98125 0.34218750000000003 0.0375 0.10312500000000001
0 0.25625 0.3203125 0.0375 0.05
0 0.23958333333333334 0.28984375 0.016666666666666666 0.026562500000000003
0 0.20729166666666665 0.3140625 0.027083333333333334 0.040625
