0 0.33515625000000004 0.49104859335038364 0.010937500000000001 0.04092071611253197
0 0.2 0.47570332480818417 0.009375000000000001 0.04603580562659847
0 0.22812500000000002 0.4808184143222507 0.015625 0.030690537084398978
1 0.44375000000000003 0.520460358056266 0.07500000000000001 0.2173913043478261
1 0.5765625 0.5025575447570333 0.09375 0.2173913043478261
1 0.2765625 0.4769820971867008 0.034375 0.10485933503836319
1 0.64375 0.49104859335038364 0.046875 0.12276214833759591
1 0.24453125 0.3286445012787724 0.0078125 0.012787723785166242
1 0.22812500000000002 0.31074168797953966 0.00625 0.01790281329923274
0 0.3046875 0.47953964194373405 0.018750000000000003 0.05370843989769821
0 0.34375 0.48593350383631717 0.003125 0.04603580562659847
0 0.36015625 0.48593350383631717 0.0015625 0.04092071611253197
0 0.2078125 0.4744245524296676 0.00625 0.03324808184143223
0 0.353125 0.4846547314578005 0.003125 0.03324808184143223
0 0.32578125 0.47953964194373405 0.0078125 0.05370843989769821
0 0.21640625000000002 0.46803069053708446 0.004687500000000001 0.020460358056265986
0 0.25 0.49104859335038364 0.003125 0.020460358056265986
0 0.253125 0.4923273657289003 0.0125 0.02813299232736573
1 0.21640625000000002 0.30946291560102307 0.0078125 0.010230179028132993
0 0.321875 0.48593350383631717 0.003125 0.030690537084398978
0 0.32265625000000003 0.4539641943734016 0.1296875 0.10485933503836319
