0 0.15781250000000002 0.7760416666666666 0.3125 0.40208333333333335
0 0.87265625 0.5572916666666666 0.19843750000000002 0.23958333333333334
0 0.5953125 0.790625 0.775 0.3104166666666667
0 0.7890625 0.48020833333333335 0.0625 0.06041666666666667
0 0.7546875000000001 0.45625 0.015625 0.0125
0 0.1640625 0.20625 0.0625 0.07916666666666666
0 0.86328125 0.4947916666666667 0.11093750000000001 0.13541666666666666
0 0.8515625 0.44687499999999997 0.05625 0.03125
0 0.16875 0.12708333333333333 0.065625 0.08333333333333333
0 0.7390625000000001 0.4614583333333333 0.07187500000000001 0.035416666666666666
