1 0.5390625 0.6197916666666666 0.325 0.23958333333333334
1 0.74609375 0.5052083333333334 0.051562500000000004 0.08125
1 0.62421875 0.44375 0.045312500000000006 0.03333333333333333
1 0.253125 0.44166666666666665 0.059375000000000004 0.07083333333333333
1 0.7359375 0.528125 0.025 0.06458333333333333
1 0.765625 0.48333333333333334 0.0625 0.09166666666666666
1 0.29296875 0.44166666666666665 0.045312500000000006 0.06666666666666667
1 0.1921875 0.45208333333333334 0.065625 0.058333333333333334
1 0.04609375 0.44687499999999997 0.0890625 0.10208333333333333
1 0.5875 0.5072916666666667 0.053125000000000006 0.11041666666666666
1 0.8132812500000001 0.4770833333333333 0.0578125 0.058333333333333334
1 0.33046875000000003 0.44166666666666665 0.045312500000000006 0.06666666666666667
1 0.5085937500000001 0.5 0.0234375 0.07083333333333333
1 0.33906250000000004 0.44895833333333335 0.371875 0.08125
