0 0.07265625 0.4479166666666667 0.0859375 0.125
1 0.8703125 0.5895833333333333 0.259375 0.3125
1 0.7171875000000001 0.5135416666666667 0.23750000000000002 0.2895833333333333
1 0.36562500000000003 0.46249999999999997 0.09062500000000001 0.18333333333333332
1 0.16484375 0.4354166666666667 0.1453125 0.24166666666666667
1 0.26875 0.43333333333333335 0.096875 0.22916666666666666
1 0.43593750000000003 0.4583333333333333 0.1125 0.2375
1 0.57734375 0.4739583333333333 0.1703125 0.2604166666666667
1 0.6195312500000001 0.5333333333333333 0.13593750000000002 0.14583333333333334
1 0.5109375 0.475 0.109375 0.20416666666666666
1 0.7117187500000001 0.425 0.09531250000000001 0.14583333333333334
1 0.80234375 0.55 0.22968750000000002 0.2833333333333333
