1 0.88671875 0.6208920187793427 0.2265625 0.2323943661971831
1 0.515625 0.5786384976525821 0.07187500000000001 0.11032863849765258
1 0.6796875 0.545774647887324 0.065625 0.13380281690140847
1 0.7835937500000001 0.6044600938967136 0.0734375 0.1431924882629108
1 0.01171875 0.5234741784037559 0.0234375 0.06103286384976526
1 0.029687500000000002 0.5105633802816901 0.040625 0.07746478873239437
1 0.06484375 0.5093896713615024 0.0578125 0.06572769953051644
1 0.09453125000000001 0.511737089201878 0.026562500000000003 0.051643192488262914
1 0.6359375 0.5211267605633803 0.046875 0.09389671361502347
1 0.6296875000000001 0.511737089201878 0.040625 0.07981220657276995
1 0.18359375 0.5035211267605634 0.051562500000000004 0.05868544600938967
1 0.65390625 0.5363849765258216 0.045312500000000006 0.10093896713615023
1 0.815625 0.5669014084507042 0.17500000000000002 0.16666666666666666
1 0.4453125 0.5469483568075117 0.70625 0.23943661971830987
