1 0.53359375 0.5595794392523364 0.6390625000000001 0.7219626168224299
1 0.3671875 0.48014018691588783 0.4375 0.5350467289719626
1 0.28750000000000003 0.3422897196261682 0.34687500000000004 0.366822429906542
1 0.18125000000000002 0.42640186915887845 0.25 0.2406542056074766
1 0.1234375 0.33294392523364486 0.146875 0.1705607476635514
1 0.6796875 0.2897196261682243 0.209375 0.2102803738317757
1 0.48359375000000004 0.18925233644859812 0.0765625 0.07476635514018691
1 0.22968750000000002 0.272196261682243 0.22812500000000002 0.21728971962616822
1 0.11171875 0.2908878504672897 0.2109375 0.23130841121495324
1 0.77265625 0.6682242990654205 0.4546875 0.6635514018691588
1 0.1546875 0.19626168224299065 0.040625 0.05607476635514018
1 0.11093750000000001 0.18107476635514017 0.046875 0.09579439252336448
1 0.37343750000000003 0.20911214953271026 0.046875 0.07710280373831775
