0 0.9508196721311475 0.390625 0.09836065573770492 0.09375
0 0.607728337236534 0.3921875 0.13817330210772832 0.109375
0 0.7763466042154566 0.39765625000000004 0.07259953161592506 0.0890625
0 0.6826697892271663 0.39375000000000004 0.06323185011709602 0.1125
0 0.25995316159250587 0.39140625 0.15456674473067916 0.1078125
0 0.1791569086651054 0.3984375 0.08196721311475409 0.10312500000000001
0 0.7306791569086651 0.39609375 0.06088992974238876 0.09843750000000001
0 0.7704918032786885 0.38671875 0.1405152224824356 0.11093750000000001
0 0.3360655737704918 0.37343750000000003 0.06791569086651054 0.078125
0 0.03629976580796253 0.35859375000000004 0.053864168618266976 0.06406250000000001
0 0.8477751756440282 0.4078125 0.05152224824355972 0.06875
