1 0.5078125 0.7291666666666666 0.034375 0.06666666666666667
1 0.34609375000000003 0.7020833333333333 0.0578125 0.08333333333333333
1 0.060937500000000006 0.7739583333333333 0.12187500000000001 0.18958333333333333
1 0.44921875 0.7 0.051562500000000004 0.1
1 0.6429687500000001 0.8427083333333333 0.2390625 0.14791666666666667
1 0.8523437500000001 0.8895833333333333 0.2921875 0.2125
1 0.7890625 0.7947916666666667 0.10625000000000001 0.10208333333333333
1 0.96015625 0.753125 0.07968750000000001 0.12708333333333333
1 0.7718750000000001 0.8645833333333334 0.178125 0.125
1 0.9437500000000001 0.93125 0.1125 0.1375
0 0.5437500000000001 0.640625 0.009375000000000001 0.03125
1 0.29765625 0.7875 0.1203125 0.1625
1 0.5593750000000001 0.6885416666666666 0.025 0.05625
0 0.17890625000000002 0.7333333333333333 0.06406250000000001 0.12916666666666665
1 0.62109375 0.6541666666666667 0.0203125 0.041666666666666664
1 0.48046875 0.6979166666666666 0.5609375 0.17916666666666667
