1 0.489 0.6355421686746988 0.042 0.05421686746987952
1 0.675 0.6054216867469879 0.018000000000000002 0.03614457831325302
1 0.798 0.625 0.024 0.05120481927710844
1 0.85 0.6144578313253012 0.028 0.06626506024096386
1 0.38 0.661144578313253 0.036000000000000004 0.07530120481927711
1 0.542 0.5783132530120483 0.02 0.060240963855421686
1 0.723 0.6039156626506025 0.014 0.0391566265060241
1 0.833 0.6204819277108434 0.034 0.07228915662650603
1 0.903 0.6370481927710844 0.03 0.06927710843373494
1 0.606 0.588855421686747 0.024 0.05120481927710844
1 0.6980000000000001 0.6159638554216867 0.024 0.0391566265060241
1 0.522 0.5843373493975904 0.02 0.03614457831325302
1 0.79 0.5933734939759037 0.016 0.03614457831325302
