0 0.64609375 0.8564705882352941 0.1390625 0.08941176470588234
0 0.53828125 0.8082352941176469 0.045312500000000006 0.09647058823529411
0 0.49453125000000003 0.8176470588235294 0.026562500000000003 0.10117647058823528
0 0.81015625 0.8411764705882352 0.0546875 0.08705882352941176
0 0.8953125000000001 0.9199999999999999 0.09375 0.13176470588235292
0 0.9046875000000001 0.8729411764705881 0.15000000000000002 0.2164705882352941
0 0.69296875 0.8152941176470587 0.08281250000000001 0.12470588235294117
0 0.6648437500000001 0.7917647058823529 0.051562500000000004 0.09176470588235293
0 0.58984375 0.8105882352941176 0.07968750000000001 0.09176470588235293
0 0.47265625 0.8082352941176469 0.0328125 0.06352941176470588
0 0.765625 0.848235294117647 0.025 0.039999999999999994
0 0.753125 0.8035294117647058 0.08125 0.14823529411764705
0 0.46328125000000003 0.7788235294117647 0.060937500000000006 0.07058823529411765
0 0.42265625 0.776470588235294 0.0578125 0.09411764705882353
