1 0.1921875 0.76875 0.078125 0.05
1 0.37890625 0.55 0.0203125 0.025
1 0.659375 0.6822916666666666 0.05 0.04791666666666666
1 0.55234375 0.6916666666666667 0.060937500000000006 0.04583333333333333
1 0.49921875000000004 0.6708333333333333 0.0421875 0.041666666666666664
0 0.9085937500000001 0.921875 0.051562500000000004 0.05625
1 0.8914062500000001 0.8958333333333334 0.0578125 0.1125
1 0.41875 0.715625 0.05625 0.027083333333333334
1 0.33828125000000003 0.74375 0.0671875 0.058333333333333334
1 0.8304687500000001 0.659375 0.051562500000000004 0.035416666666666666
1 0.27968750000000003 0.7645833333333333 0.06875 0.0625
1 0.3015625 0.709375 0.028125 0.035416666666666666
1 0.203125 0.7989583333333333 0.07500000000000001 0.035416666666666666
1 0.0484375 0.76875 0.059375000000000004 0.058333333333333334
1 0.515625 0.5208333333333334 0.037500000000000006 0.03333333333333333
