1 0.49453125000000003 0.5607476635514018 0.5328125 0.514018691588785
1 0.92734375 0.6518691588785046 0.1453125 0.38317757009345793
1 0.82734375 0.4742990654205607 0.1796875 0.29439252336448596
1 0.1703125 0.3878504672897196 0.12812500000000002 0.18691588785046728
1 0.87890625 0.30724299065420557 0.22968750000000002 0.10514018691588785
1 0.83359375 0.21962616822429906 0.06406250000000001 0.1261682242990654
1 0.71796875 0.28855140186915884 0.2390625 0.18457943925233644
1 0.09843750000000001 0.6366822429906541 0.19687500000000002 0.41355140186915884
1 0.6328125 0.35514018691588783 0.14375000000000002 0.2570093457943925
1 0.09375 0.2523364485981308 0.065625 0.09345794392523364
1 0.10390625 0.4614485981308411 0.1796875 0.3434579439252336
1 0.978125 0.4205607476635514 0.043750000000000004 0.14018691588785046
