1 0.77109375 0.6764091858037578 0.0390625 0.07098121085594988
1 0.75 0.6565762004175365 0.018750000000000003 0.04801670146137787
1 0.8695312500000001 0.7421711899791231 0.0890625 0.22338204592901878
1 0.24296875 0.8173277661795406 0.2109375 0.19415448851774528
1 0.3359375 0.7045929018789143 0.1 0.08977035490605427
1 0.15546875000000002 0.6701461377870563 0.07968750000000001 0.058455114822546964
1 0.6585937500000001 0.6336116910229644 0.0421875 0.022964509394572022
1 0.5765625 0.6336116910229644 0.040625 0.031315240083507306
1 0.9242187500000001 0.6544885177453027 0.045312500000000006 0.04801670146137787
1 0.022656250000000003 0.6701461377870563 0.0140625 0.045929018789144044
1 0.96640625 0.6179540709812108 0.0203125 0.029227557411273482
1 0.54296875 0.6315240083507306 0.035937500000000004 0.031315240083507306
1 0.51171875 0.627348643006263 0.0140625 0.031315240083507306
1 0.49921875000000004 0.6430062630480167 0.9984375000000001 0.09185803757828809
