0 0.0765625 0.8041666666666667 0.10312500000000001 0.39166666666666666
0 0.17421875 0.7083333333333334 0.0484375 0.19583333333333333
0 0.3203125 0.7291666666666666 0.034375 0.1625
0 0.50390625 0.7083333333333334 0.0484375 0.10833333333333334
0 0.37343750000000003 0.7041666666666666 0.03125 0.075
0 0.6101562500000001 0.7229166666666667 0.026562500000000003 0.075
0 0.5921875 0.69375 0.015625 0.07083333333333333
0 0.56015625 0.703125 0.0390625 0.08541666666666667
0 0.8054687500000001 0.7083333333333334 0.0171875 0.06666666666666667
0 0.53046875 0.7010416666666667 0.029687500000000002 0.06458333333333333
0 0.64375 0.709375 0.03125 0.06041666666666667
0 0.70078125 0.715625 0.029687500000000002 0.07291666666666667
0 0.7546875000000001 0.7083333333333334 0.037500000000000006 0.06666666666666667
0 0.6734375 0.721875 0.025 0.05625
