1 0.33125000000000004 0.6180555555555555 0.03125 0.06481481481481481
1 0.56796875 0.6967592592592592 0.0546875 0.09722222222222221
1 0.46875 0.724537037037037 0.06875 0.10185185185185185
1 0.29765625 0.5879629629629629 0.0390625 0.06481481481481481
1 0.38046875 0.6400462962962963 0.060937500000000006 0.0949074074074074
1 0.38359375 0.7662037037037036 0.0734375 0.1111111111111111
1 0.5328125 0.7696759259259259 0.065625 0.12268518518518517
1 0.31015625 0.3506944444444444 0.035937500000000004 0.07175925925925926
1 0.240625 0.38888888888888884 0.021875000000000002 0.05555555555555555
1 0.26796875000000003 0.5567129629629629 0.0390625 0.0625
1 0.41953125 0.7025462962962963 0.0390625 0.0625
1 0.20546875 0.5104166666666666 0.0234375 0.057870370370370364
1 0.23671875 0.5416666666666666 0.0203125 0.046296296296296294
