1 0.17421875 0.5958333333333333 0.1703125 0.26666666666666666
1 0.69921875 0.4864583333333333 0.0671875 0.12291666666666666
1 0.6039062500000001 0.48854166666666665 0.0578125 0.11458333333333333
1 0.8390625 0.46875 0.03125 0.058333333333333334
1 0.8015625000000001 0.48125 0.03125 0.058333333333333334
1 0.9187500000000001 0.4458333333333333 0.028125 0.0375
1 0.665625 0.49166666666666664 0.037500000000000006 0.07083333333333333
1 0.74375 0.48541666666666666 0.043750000000000004 0.09583333333333333
1 0.765625 0.484375 0.018750000000000003 0.07291666666666667
1 0.7781250000000001 0.4822916666666667 0.021875000000000002 0.06041666666666667
1 0.8718750000000001 0.4583333333333333 0.018750000000000003 0.041666666666666664
1 0.88984375 0.4479166666666667 0.0234375 0.041666666666666664
