0 0.8588785046728973 0.59296875 0.2822429906542056 0.24531250000000002
0 0.2514018691588785 0.46328125000000003 0.07663551401869159 0.1296875
0 0.7962616822429907 0.45234375000000004 0.25794392523364484 0.11093750000000001
0 0.8102803738317758 0.49375 0.2672897196261682 0.203125
0 0.6747663551401869 0.4390625 0.06355140186915888 0.021875000000000002
0 0.30654205607476637 0.46875 0.10093457943925234 0.115625
0 0.03177570093457944 0.578125 0.06355140186915888 0.1
0 0.9065420560747663 0.40390625 0.10841121495327104 0.051562500000000004
0 0.6289719626168224 0.7515625 0.7420560747663552 0.496875
0 0.41401869158878507 0.45625000000000004 0.05794392523364486 0.07500000000000001
0 0.9121495327102804 0.89765625 0.17570093457943925 0.1796875
0 0.5392523364485982 0.6484375 0.25233644859813087 0.246875
0 0.7168224299065421 0.5046875000000001 0.5626168224299065 0.28125
