0 0.9234375 0.7346698113207547 0.09062500000000001 0.20990566037735847
0 0.496875 0.5400943396226415 0.115625 0.13679245283018868
0 0.20234375000000002 0.6297169811320754 0.0578125 0.22641509433962265
0 0.58203125 0.5518867924528301 0.035937500000000004 0.051886792452830184
0 0.36796875 0.5566037735849056 0.11406250000000001 0.1179245283018868
0 0.70234375 0.5613207547169811 0.0578125 0.09433962264150943
0 0.9515625000000001 0.6049528301886792 0.028125 0.0589622641509434
0 0.35234375 0.5766509433962264 0.0421875 0.0589622641509434
0 0.40390625 0.5448113207547169 0.060937500000000006 0.10377358490566037
0 0.9710937500000001 0.6073113207547169 0.0234375 0.0589622641509434
0 0.7117187500000001 0.580188679245283 0.5734375 0.15566037735849056
