1 0.127 0.7099697885196374 0.19 0.2054380664652568
0 0.915 0.4818731117824773 0.078 0.1661631419939577
0 0.972 0.4818731117824773 0.04 0.13595166163141995
0 0.363 0.6042296072507553 0.066 0.08459214501510574
0 0.47400000000000003 0.6102719033232629 0.088 0.060422960725075525
0 0.682 0.554380664652568 0.016 0.08761329305135952
0 0.616 0.5362537764350453 0.036000000000000004 0.0755287009063444
0 0.394 0.4818731117824773 0.012 0.03323262839879154
0 0.879 0.43655589123867067 0.038 0.0634441087613293
0 0.778 0.5166163141993958 0.032 0.054380664652567974
0 0.73 0.5362537764350453 0.024 0.05740181268882175
0 0.537 0.5830815709969789 0.054 0.08459214501510574
0 0.663 0.5317220543806647 0.014 0.04229607250755287
0 0.5760000000000001 0.5755287009063444 0.04 0.0513595166163142
0 0.41200000000000003 0.5755287009063444 0.26 0.3413897280966767
