1 0.6125 0.8479166666666667 0.253125 0.275
1 0.43828125 0.7479166666666667 0.1296875 0.2916666666666667
1 0.32421875 0.6427083333333333 0.060937500000000006 0.13958333333333334
1 0.28203125 0.6322916666666667 0.0484375 0.08541666666666667
1 0.2421875 0.6166666666666667 0.040625 0.07916666666666666
1 0.215625 0.6135416666666667 0.021875000000000002 0.04791666666666666
1 0.19453125000000002 0.5895833333333333 0.010937500000000001 0.029166666666666667
1 0.36875 0.68125 0.0625 0.2
1 0.1859375 0.578125 0.00625 0.01875
1 0.18125000000000002 0.5739583333333333 0.00625 0.01875
1 0.1765625 0.56875 0.00625 0.016666666666666666
