1 0.6531250000000001 0.6577102803738317 0.634375 0.6565420560747663
1 0.15781250000000002 0.5081775700934579 0.07187500000000001 0.07242990654205607
1 0.21015625000000002 0.5035046728971962 0.0421875 0.06775700934579439
1 0.24296875 0.4964953271028037 0.0390625 0.06775700934579439
1 0.27265625 0.5058411214953271 0.0390625 0.04906542056074766
1 0.30859375 0.4859813084112149 0.0578125 0.07476635514018691
1 0.35078125000000004 0.49532710280373826 0.0390625 0.0514018691588785
1 0.7125 0.48247663551401865 0.28750000000000003 0.18925233644859812
1 0.3828125 0.491822429906542 0.046875 0.04439252336448598
1 0.7601562500000001 0.4439252336448598 0.1234375 0.09813084112149532
