0 0.05078125 0.5708333333333333 0.0703125 0.075
1 0.9656250000000001 0.6625 0.05 0.14583333333333334
1 0.81640625 0.625 0.1015625 0.18333333333333332
1 0.73046875 0.625 0.07968750000000001 0.13333333333333333
1 0.6546875000000001 0.61875 0.09062500000000001 0.12083333333333333
1 0.6000000000000001 0.6135416666666667 0.08125 0.11041666666666666
1 0.48359375000000004 0.5885416666666666 0.0859375 0.13125
1 0.44609375 0.578125 0.060937500000000006 0.09791666666666667
1 0.115625 0.559375 0.09375 0.08125
1 0.9109375000000001 0.653125 0.059375000000000004 0.15208333333333332
1 0.55390625 0.4708333333333333 0.026562500000000003 0.06666666666666667
1 0.8093750000000001 0.47812499999999997 0.034375 0.035416666666666666
1 0.8210937500000001 0.5020833333333333 0.0203125 0.025
0 0.4 0.6135416666666667 0.06875 0.09375
