0 0.32265625000000003 0.8376168224299064 0.1296875 0.30140186915887845
0 0.2171875 0.8341121495327102 0.115625 0.3177570093457944
0 0.1484375 0.8422897196261682 0.08125 0.2546728971962617
0 0.41796875 0.7301401869158878 0.0890625 0.13317757009345793
0 0.4625 0.6939252336448598 0.0625 0.12149532710280372
0 0.34375 0.6740654205607476 0.09062500000000001 0.1144859813084112
0 0.73359375 0.5198598130841121 0.07968750000000001 0.08644859813084112
0 0.8304687500000001 0.4661214953271028 0.0390625 0.05841121495327102
0 0.83359375 0.44158878504672894 0.045312500000000006 0.04205607476635514
0 0.17734375000000002 0.7044392523364486 0.051562500000000004 0.0630841121495327
0 0.05390625 0.8060747663551401 0.1078125 0.10747663551401869
0 0.634375 0.5549065420560747 0.043750000000000004 0.08644859813084112
0 0.265625 0.6939252336448598 0.040625 0.08411214953271028
0 0.4890625 0.6355140186915887 0.9125000000000001 0.5467289719626168
