0 0.27734375 0.6927083333333334 0.09843750000000001 0.08125
0 0.5437500000000001 0.6677083333333333 0.059375000000000004 0.06875
0 0.5046875000000001 0.65 0.046875 0.0625
0 0.16328125000000002 0.65 0.026562500000000003 0.041666666666666664
0 0.13125 0.6447916666666667 0.0125 0.03125
0 0.17734375000000002 0.6447916666666667 0.010937500000000001 0.03958333333333333
0 0.0671875 0.6416666666666666 0.015625 0.03333333333333333
0 0.6125 0.6770833333333334 0.0625 0.075
0 0.4859375 0.659375 0.046875 0.052083333333333336
0 0.34687500000000004 0.646875 0.0125 0.04375
