0 0.4765625 0.8319444444444445 0.09062500000000001 0.10833333333333334
0 0.1 0.8791666666666667 0.18125000000000002 0.24166666666666667
1 0.34218750000000003 0.8319444444444445 0.11875000000000001 0.17500000000000002
1 0.22265625 0.7833333333333333 0.1078125 0.10555555555555556
1 0.7468750000000001 0.7111111111111111 0.065625 0.08333333333333334
1 0.53359375 0.7777777777777778 0.0484375 0.1
1 0.57578125 0.7027777777777778 0.026562500000000003 0.05555555555555556
1 0.90625 0.7097222222222223 0.10625000000000001 0.09166666666666667
1 0.61640625 0.7416666666666667 0.06406250000000001 0.10555555555555556
1 0.40703125 0.8055555555555556 0.051562500000000004 0.11666666666666667
1 0.59140625 0.7069444444444445 0.026562500000000003 0.025
1 0.19062500000000002 0.7402777777777778 0.021875000000000002 0.025
1 0.6671875 0.6583333333333333 0.046875 0.061111111111111116
1 0.6984375 0.6513888888888889 0.028125 0.04166666666666667
