1 0.15703125 0.5573770491803278 0.1703125 0.34192037470725994
1 0.5234375 0.734192037470726 0.34375 0.531615925058548
1 0.71875 0.6030444964871194 0.25 0.5269320843091335
1 0.8929687500000001 0.5550351288056206 0.21406250000000002 0.36065573770491804
1 0.24765625000000002 0.45784543325526933 0.0921875 0.2646370023419204
1 0.884375 0.373536299765808 0.07187500000000001 0.11943793911007025
1 0.784375 0.3758782201405152 0.096875 0.08196721311475409
1 0.9171875 0.373536299765808 0.140625 0.20843091334894615
1 0.81015625 0.33840749414519905 0.0703125 0.06791569086651054
1 0.98984375 0.36885245901639346 0.0203125 0.1288056206088993
