1 0.2171875 0.6635416666666667 0.209375 0.38125
1 0.49609375 0.584375 0.1296875 0.24375
1 0.61875 0.56875 0.1125 0.21666666666666667
1 0.6843750000000001 0.5604166666666667 0.078125 0.2125
1 0.7781250000000001 0.5791666666666666 0.115625 0.24166666666666667
1 0.8296875 0.5635416666666666 0.06875 0.21875
1 0.8671875 0.5520833333333334 0.06875 0.20416666666666666
1 0.909375 0.5458333333333333 0.0625 0.18333333333333332
1 0.9734375000000001 0.5052083333333334 0.05 0.14791666666666667
1 0.71640625 0.5541666666666667 0.0390625 0.2
1 0.9343750000000001 0.5260416666666666 0.05 0.16875
1 0.7421875 0.48020833333333335 0.040625 0.052083333333333336
