1 0.88046875 0.6608315098468271 0.2109375 0.4201312910284464
1 0.6570312500000001 0.6641137855579868 0.1859375 0.4223194748358862
1 0.7703125000000001 0.6400437636761488 0.1 0.39168490153172864
1 0.49140625000000004 0.6487964989059081 0.09531250000000001 0.299781181619256
1 0.43125 0.5634573304157549 0.05625 0.15973741794310722
1 0.3203125 0.6137855579868708 0.11875000000000001 0.3085339168490153
1 0.40234375 0.6422319474835886 0.08281250000000001 0.27789934354485774
1 0.14296875 0.6192560175054704 0.1328125 0.2275711159737418
1 0.2578125 0.6094091903719913 0.05625 0.2035010940919037
1 0.051562500000000004 0.5853391684901531 0.08750000000000001 0.23413566739606126
1 0.21328125 0.5853391684901531 0.060937500000000006 0.22975929978118162
1 0.025 0.6433260393873085 0.03125 0.10065645514223194
1 0.5703125 0.6903719912472648 0.08125 0.28227571115973743
