0 0.05625 0.3177083333333333 0.09375 0.39791666666666664
0 0.022656250000000003 0.271875 0.045312500000000006 0.36041666666666666
0 0.7109375 0.33958333333333335 0.125 0.4041666666666667
1 0.43359375 0.6833333333333333 0.1703125 0.5083333333333333
1 0.8765625 0.7447916666666666 0.146875 0.46041666666666664
0 0.9265625000000001 0.428125 0.146875 0.26875
1 0.31328125 0.7177083333333333 0.1453125 0.46875
1 0.7601562500000001 0.659375 0.1609375 0.45625
1 0.3515625 0.30416666666666664 0.125 0.4083333333333333
1 0.47734375 0.2875 0.1328125 0.3958333333333333
1 0.55078125 0.3208333333333333 0.1046875 0.4083333333333333
1 0.203125 0.6739583333333333 0.12812500000000002 0.49374999999999997
1 0.58203125 0.7229166666666667 0.1328125 0.525
1 0.7132812500000001 0.31145833333333334 0.11093750000000001 0.33958333333333335
1 0.6218750000000001 0.32395833333333335 0.07187500000000001 0.4145833333333333
1 0.1796875 0.30416666666666664 0.13125 0.4125
1 0.04453125 0.6916666666666667 0.0890625 0.5625
1 0.503125 0.4739583333333333 0.9906250000000001 0.7395833333333334
