1 0.6171875 0.7224824355971897 0.203125 0.49414519906323184
1 0.515625 0.6850117096018735 0.95625 0.5925058548009368
1 0.3125 0.6053864168618267 0.07500000000000001 0.28337236533957844
1 0.246875 0.594847775175644 0.08750000000000001 0.24355971896955503
1 0.7890625 0.5573770491803278 0.084375 0.3044496487119438
1 0.5171875 0.5573770491803278 0.12187500000000001 0.34192037470725994
1 0.0328125 0.7822014051522248 0.065625 0.2529274004683841
1 0.10859375 0.49414519906323184 0.045312500000000006 0.0702576112412178
1 0.7757812500000001 0.5374707259953162 0.0328125 0.19437939110070257
1 0.7210937500000001 0.45901639344262296 0.0328125 0.10772833723653395
1 0.9617187500000001 0.4496487119437939 0.0765625 0.26697892271662765
1 0.26953125 0.468384074941452 0.045312500000000006 0.09367681498829039
