1 0.41328125000000004 0.7947916666666667 0.1953125 0.41041666666666665
1 0.55234375 0.784375 0.21406250000000002 0.43124999999999997
1 0.8984375 0.7447916666666666 0.203125 0.3770833333333333
1 0.053125000000000006 0.5875 0.10312500000000001 0.14166666666666666
1 0.06171875 0.46979166666666666 0.0671875 0.09791666666666667
1 0.36875 0.5479166666666666 0.08750000000000001 0.14166666666666666
1 0.50390625 0.5260416666666666 0.1078125 0.18958333333333333
1 0.60703125 0.5447916666666667 0.15781250000000002 0.24375
1 0.70234375 0.771875 0.23593750000000002 0.42291666666666666
1 0.6765625000000001 0.44895833333333335 0.084375 0.12291666666666666
1 0.25078125 0.6427083333333333 0.1171875 0.30625
1 0.153125 0.6114583333333333 0.1375 0.21041666666666667
1 0.096875 0.7708333333333334 0.19375 0.4583333333333333
1 0.5453125 0.609375 0.90625 0.69375
