0 0.043750000000000004 0.7096018735362998 0.040625 0.08899297423887588
0 0.01953125 0.7177985948477752 0.0390625 0.07259953161592506
0 0.08125 0.7177985948477752 0.021875000000000002 0.0351288056206089
0 0.8859375 0.6405152224824356 0.021875000000000002 0.053864168618266976
0 0.81015625 0.6018735362997658 0.026562500000000003 0.04215456674473068
0 0.12734375 0.6850117096018735 0.0390625 0.07259953161592506
0 0.10234375000000001 0.7142857142857143 0.0234375 0.04215456674473068
0 0.80390625 0.5526932084309133 0.0171875 0.01405152224824356
0 0.08203125 0.6932084309133489 0.0734375 0.09367681498829039
0 0.82578125 0.6030444964871194 0.0328125 0.04449648711943794
