1 0.32109375 0.5964705882352941 0.3515625 0.7835294117647058
1 0.7429687500000001 0.6129411764705882 0.3046875 0.7223529411764705
1 0.53359375 0.28470588235294114 0.0859375 0.13176470588235292
1 0.9281250000000001 0.5552941176470588 0.14375000000000002 0.48
1 0.43359375 0.1764705882352941 0.0765625 0.12235294117647058
1 0.22578125000000002 0.4270588235294117 0.13593750000000002 0.5058823529411764
1 0.1328125 0.5788235294117646 0.043750000000000004 0.17411764705882352
1 0.17500000000000002 0.40117647058823525 0.125 0.1388235294117647
1 0.10390625 0.41882352941176465 0.0734375 0.34352941176470586
1 0.56640625 0.5305882352941176 0.8640625000000001 0.9341176470588235
