0 0.12578125 0.603125 0.0140625 0.06458333333333333
0 0.9484375 0.6958333333333333 0.078125 0.1875
0 0.07421875 0.60625 0.010937500000000001 0.058333333333333334
1 0.53359375 0.8135416666666666 0.1953125 0.33541666666666664
1 0.39765625000000004 0.715625 0.0578125 0.13958333333333334
1 0.33125000000000004 0.709375 0.0625 0.15208333333333332
1 0.27734375 0.6822916666666666 0.0484375 0.11875
1 0.20390625 0.5895833333333333 0.0328125 0.0625
1 0.23125 0.6072916666666667 0.015625 0.06041666666666667
1 0.18281250000000002 0.5572916666666666 0.00625 0.01875
1 0.36328125 0.6583333333333333 0.0234375 0.058333333333333334
