1 0.59921875 0.6677083333333333 0.4859375 0.45625
1 0.7859375000000001 0.340625 0.046875 0.07708333333333334
0 0.5078125 0.35520833333333335 0.12187500000000001 0.19791666666666666
0 0.4625 0.37916666666666665 0.1 0.1625
0 0.55 0.3208333333333333 0.10312500000000001 0.1375
0 0.77734375 0.334375 0.0578125 0.05625
0 0.6390625000000001 0.34375 0.034375 0.09166666666666666
0 0.6117187500000001 0.3875 0.09531250000000001 0.18333333333333332
0 0.7585937500000001 0.34375 0.0671875 0.07916666666666666
0 0.61640625 0.30416666666666664 0.07968750000000001 0.09583333333333333
