0 0.25390625 0.4302083333333333 0.11406250000000001 0.09375
0 0.40703125 0.5125 0.18281250000000002 0.20416666666666666
0 0.59375 0.6010416666666667 0.290625 0.3229166666666667
0 0.8 0.7375 0.30312500000000003 0.475
0 0.34218750000000003 0.475 0.146875 0.16666666666666666
0 0.71796875 0.6447916666666667 0.2484375 0.41041666666666665
0 0.22109375 0.41562499999999997 0.0859375 0.09375
0 0.19765625 0.3989583333333333 0.060937500000000006 0.08541666666666667
0 0.11015625000000001 0.35520833333333335 0.026562500000000003 0.022916666666666665
0 0.08828125 0.34375 0.0171875 0.020833333333333332
