0 0.7520833333333333 0.49296875 0.07916666666666666 0.0921875
0 0.5614583333333333 0.47109375000000003 0.035416666666666666 0.0546875
0 0.371875 0.44296875 0.014583333333333334 0.0234375
0 0.32395833333333335 0.446875 0.010416666666666666 0.03125
0 0.4458333333333333 0.446875 0.0125 0.03125
0 0.9770833333333333 0.5140625 0.04583333333333333 0.06875
0 0.46041666666666664 0.45703125 0.0125 0.0234375
0 0.4145833333333333 0.44140625 0.016666666666666666 0.026562500000000003
0 0.7833333333333333 0.46875 0.0375 0.053125000000000006
0 0.5260416666666666 0.44843750000000004 0.01875 0.021875000000000002
0 0.34791666666666665 0.4390625 0.004166666666666667 0.0125
0 0.278125 0.43828125 0.00625 0.0140625
0 0.2916666666666667 0.434375 0.14166666666666666 0.028125
