1 0.34296875000000004 0.5682352941176471 0.2578125 0.6470588235294117
1 0.4734375 0.3752941176470588 0.096875 0.2329411764705882
1 0.83984375 0.26235294117647057 0.0671875 0.22352941176470587
1 0.53046875 0.2929411764705882 0.15781250000000002 0.2941176470588235
1 0.7429687500000001 0.28470588235294114 0.0765625 0.24941176470588233
1 0.26796875000000003 0.6070588235294118 0.3140625 0.6258823529411764
1 0.36171875000000003 0.42588235294117643 0.2484375 0.46117647058823524
1 0.48984375 0.3 0.18906250000000002 0.3129411764705882
1 0.578125 0.24235294117647058 0.053125000000000006 0.08941176470588234
1 0.18906250000000002 0.6494117647058822 0.37812500000000004 0.7011764705882352
1 0.7914062500000001 0.2917647058823529 0.0703125 0.20705882352941174
1 0.7625000000000001 0.18352941176470586 0.018750000000000003 0.028235294117647056
1 0.27421875 0.6576470588235294 0.26406250000000003 0.6517647058823529
1 0.6578125 0.4329411764705882 0.68125 0.5788235294117646
