0 0.01640625 0.6431924882629109 0.0328125 0.107981220657277
0 0.9031250000000001 0.5152582159624414 0.03125 0.05868544600938967
0 0.8734375000000001 0.5410798122065728 0.03125 0.035211267605633804
0 0.9398437500000001 0.5293427230046949 0.010937500000000001 0.03990610328638498
0 0.96875 0.5258215962441315 0.018750000000000003 0.06103286384976526
0 0.12890625 0.5516431924882629 0.0203125 0.06103286384976526
0 0.9515625000000001 0.5246478873239436 0.021875000000000002 0.05868544600938967
0 0.9265625000000001 0.5176056338028169 0.015625 0.06338028169014084
0 0.98984375 0.5293427230046949 0.0203125 0.06338028169014084
0 0.01015625 0.6619718309859155 0.0203125 0.11267605633802817
0 0.13671875 0.534037558685446 0.0203125 0.0539906103286385
0 0.93515625 0.5211267605633803 0.0203125 0.056338028169014086
0 0.02734375 0.6126760563380281 0.0546875 0.14553990610328638
