1 0.18501170960187355 0.759375 0.2529274004683841 0.265625
0 0.4449648711943794 0.5632812500000001 0.05620608899297424 0.07968750000000001
0 0.6334894613583139 0.5703125 0.053864168618266976 0.07187500000000001
0 0.7037470725995316 0.49843750000000003 0.02576112412177986 0.046875
0 0.7622950819672131 0.4890625 0.03981264637002342 0.05
0 0.8255269320843092 0.465625 0.0351288056206089 0.043750000000000004
0 0.8793911007025761 0.43281250000000004 0.02107728337236534 0.037500000000000006
0 0.7927400468384075 0.47500000000000003 0.02107728337236534 0.043750000000000004
0 0.5772833723653396 0.54921875 0.04449648711943794 0.06406250000000001
0 0.6182669789227166 0.39453125 0.03278688524590164 0.0390625
0 0.6779859484777517 0.515625 0.02576112412177986 0.053125000000000006
0 0.6733021077283372 0.41171875 0.02576112412177986 0.026562500000000003
0 0.5210772833723654 0.55703125 0.06323185011709602 0.0734375
0 0.5784543325526932 0.39765625000000004 0.03278688524590164 0.029687500000000002
0 0.5292740046838408 0.42578125 0.7166276346604216 0.11093750000000001
