1 0.43984375000000003 0.7318501170960188 0.8796875000000001 0.5128805620608899
1 0.45234375000000004 0.6042154566744731 0.3296875 0.20140515222482436
1 0.7015625000000001 0.4531615925058548 0.14375000000000002 0.27400468384074944
1 0.9109375000000001 0.5901639344262295 0.178125 0.5480093676814989
1 0.359375 0.46955503512880564 0.203125 0.09133489461358314
1 0.35546875 0.4637002341920375 0.1078125 0.0702576112412178
1 0.41640625000000003 0.4180327868852459 0.0859375 0.07259953161592506
1 0.8015625000000001 0.5046838407494145 0.19375 0.3161592505854801
1 0.51328125 0.6733021077283372 0.43281250000000004 0.22716627634660422
1 0.40468750000000003 0.5245901639344263 0.353125 0.13114754098360656
1 0.38671875 0.49882903981264637 0.2484375 0.11241217798594848
1 0.49765625 0.3864168618266979 0.11406250000000001 0.1405152224824356
1 0.61484375 0.446135831381733 0.1015625 0.2224824355971897
