1 0.2484375 0.6592505854800936 0.496875 0.5362997658079626
1 0.72421875 0.8360655737704918 0.5515625000000001 0.32786885245901637
1 0.71796875 0.42505854800936765 0.1796875 0.16627634660421545
1 0.2234375 0.9250585480093677 0.446875 0.14988290398126464
1 0.29765625 0.5409836065573771 0.43593750000000003 0.36065573770491804
1 0.36171875000000003 0.5292740046838408 0.35468750000000004 0.18735362997658078
1 0.35468750000000004 0.40046838407494145 0.290625 0.22014051522248243
1 0.7820312500000001 0.5199063231850117 0.2578125 0.12177985948477751
1 0.7390625000000001 0.4648711943793911 0.046875 0.0351288056206089
1 0.55625 0.3372365339578454 0.06875 0.10304449648711944
1 0.39921875 0.40749414519906324 0.2578125 0.1358313817330211
1 0.39453125 0.3548009367681499 0.029687500000000002 0.08196721311475409
1 0.53359375 0.8138173302107728 0.18281250000000002 0.3395784543325527
1 0.55625 0.5761124121779859 0.75 0.6744730679156908
