1 0.15234375 0.73046875 0.0890625 0.11406250000000001
1 0.25546875 0.73984375 0.045312500000000006 0.06406250000000001
1 0.259375 0.721875 0.109375 0.09062500000000001
1 0.31328125 0.71796875 0.0546875 0.09843750000000001
1 0.340625 0.71875 0.05 0.096875
1 0.02109375 0.7445312500000001 0.0421875 0.1015625
1 0.371875 0.7156250000000001 0.05 0.08125
1 0.40078125000000003 0.7312500000000001 0.035937500000000004 0.053125000000000006
1 0.6742187500000001 0.846875 0.2109375 0.146875
1 0.41484375 0.70859375 0.07968750000000001 0.0859375
1 0.06953125 0.74921875 0.060937500000000006 0.0921875
1 0.7015625000000001 0.80625 0.178125 0.16875
1 0.22812500000000002 0.74609375 0.05625 0.0703125
1 0.63984375 0.75 0.27968750000000003 0.12812500000000002
