0 0.709 0.472 0.026000000000000002 0.03733333333333333
0 0.781 0.484 0.078 0.072
0 0.8290000000000001 0.4973333333333333 0.03 0.050666666666666665
0 0.28600000000000003 0.45066666666666666 0.032 0.048
0 0.931 0.4746666666666666 0.062 0.09066666666666666
0 0.966 0.48 0.04 0.05333333333333333
0 0.888 0.48 0.032 0.064
0 0.867 0.49866666666666665 0.026000000000000002 0.048
0 0.739 0.46799999999999997 0.022 0.04
0 0.625 0.4693333333333333 0.046 0.058666666666666666
0 0.766 0.5519999999999999 0.132 0.10666666666666666
0 0.586 0.45999999999999996 0.02 0.04533333333333333
0 0.983 0.5146666666666666 0.03 0.06933333333333333
0 0.582 0.444 0.6920000000000001 0.11466666666666667
