0 0.271 0.8907185628742516 0.10200000000000001 0.16467065868263475
0 0.543 0.6107784431137725 0.034 0.17964071856287425
0 0.41600000000000004 0.5359281437125749 0.04 0.029940119760479042
0 0.753 0.8622754491017964 0.082 0.08982035928143713
0 0.744 0.8383233532934132 0.036000000000000004 0.04191616766467066
0 0.798 0.7919161676646707 0.036000000000000004 0.05089820359281438
0 0.394 0.5269461077844312 0.048 0.04191616766467066
0 0.32 0.5104790419161677 0.056 0.056886227544910184
0 0.305 0.502994011976048 0.046 0.059880239520958084
0 0.245 0.4940119760479042 0.03 0.035928143712574856
0 0.22 0.48053892215568866 0.008 0.014970059880239521
0 0.362 0.5179640718562875 0.044 0.04790419161676647
