1 0.53359375 0.5666666666666667 0.3984375 0.24583333333333332
1 0.2921875 0.725 0.584375 0.55
1 0.6156250000000001 0.42291666666666666 0.2 0.11666666666666667
1 0.73359375 0.46875 0.08281250000000001 0.12083333333333333
1 0.4 0.7395833333333334 0.565625 0.5125
1 0.578125 0.48125 0.30000000000000004 0.24583333333333332
1 0.603125 0.4510416666666667 0.24375000000000002 0.13541666666666666
1 0.6429687500000001 0.4427083333333333 0.2015625 0.19375
1 0.6640625 0.41770833333333335 0.16875 0.14791666666666667
1 0.7351562500000001 0.38645833333333335 0.13593750000000002 0.08125
1 0.7796875000000001 0.4583333333333333 0.05 0.10833333333333334
