0 0.436 0.9333333333333333 0.64 0.10666666666666666
0 0.524 0.5733333333333334 0.28800000000000003 0.128
0 0.505 0.5533333333333333 0.27 0.06666666666666667
0 0.456 0.7839999999999999 0.5680000000000001 0.21866666666666665
0 0.398 0.7373333333333333 0.108 0.056
0 0.497 0.62 0.382 0.08266666666666667
0 0.417 0.6839999999999999 0.33 0.104
1 0.091 0.7493333333333333 0.182 0.4746666666666666
1 0.9480000000000001 0.41866666666666663 0.044 0.12266666666666666
0 0.515 0.696 0.27 0.10133333333333333
0 0.453 0.5386666666666666 0.158 0.08533333333333333
0 0.529 0.4493333333333333 0.222 0.12533333333333332
0 0.706 0.844 0.336 0.27466666666666667
0 0.5730000000000001 0.504 0.122 0.06933333333333333
1 0.263 0.5626666666666666 0.198 0.288
1 0.267 0.39066666666666666 0.134 0.11466666666666667
1 0.17200000000000001 0.744 0.128 0.39999999999999997
1 0.13 0.488 0.164 0.144
1 0.156 0.4106666666666667 0.10400000000000001 0.10133333333333333
1 0.398 0.3973333333333333 0.06 0.06933333333333333
1 0.422 0.348 0.056 0.09866666666666667
1 0.838 0.3466666666666667 0.024 0.064
1 0.56 0.38266666666666665 0.148 0.06666666666666667
1 0.791 0.3506666666666667 0.034 0.08266666666666667
0 0.642 0.3466666666666667 0.032 0.05333333333333333
1 0.352 0.41466666666666663 0.10400000000000001 0.12533333333333332
0 0.487 0.6106666666666667 0.506 0.6133333333333333
1 0.47200000000000003 0.3933333333333333 0.9440000000000001 0.296
