1 0.11328125 0.6487119437939111 0.051562500000000004 0.06557377049180328
1 0.043750000000000004 0.6463700234192038 0.05625 0.08899297423887588
1 0.53671875 0.5784543325526932 0.0140625 0.02810304449648712
1 0.58046875 0.5761124121779859 0.010937500000000001 0.02810304449648712
1 0.56875 0.5655737704918032 0.009375000000000001 0.01639344262295082
1 0.93125 0.607728337236534 0.059375000000000004 0.11007025761124122
1 0.60546875 0.5784543325526932 0.010937500000000001 0.02810304449648712
1 0.9656250000000001 0.5925058548009368 0.06875 0.20608899297423888
1 0.2703125 0.6053864168618267 0.021875000000000002 0.04449648711943794
1 0.59140625 0.5772833723653396 0.010937500000000001 0.03044496487119438
1 0.9007812500000001 0.6007025761124122 0.045312500000000006 0.1053864168618267
1 0.66171875 0.5679156908665105 0.0078125 0.02107728337236534
1 0.6203125 0.5796252927400468 0.015625 0.0351288056206089
1 0.5828125000000001 0.5690866510538641 0.14375000000000002 0.04215456674473068
