0 0.04609375 0.6229166666666667 0.051562500000000004 0.12916666666666665
0 0.065625 0.6260416666666666 0.034375 0.12708333333333333
1 0.7546875000000001 0.68125 0.1 0.2833333333333333
1 0.22968750000000002 0.65 0.09375 0.20833333333333334
0 0.1171875 0.621875 0.065625 0.13958333333333334
0 0.13984375000000002 0.6270833333333333 0.060937500000000006 0.1375
0 0.16015625 0.6375 0.045312500000000006 0.125
0 0.1859375 0.63125 0.046875 0.12916666666666665
0 0.0921875 0.6302083333333334 0.053125000000000006 0.13125
1 0.56953125 0.65 0.08281250000000001 0.2
