0 0.828125 0.44722222222222224 0.15000000000000002 0.16111111111111112
0 0.43281250000000004 0.2569444444444445 0.037500000000000006 0.19722222222222224
0 0.0140625 0.12638888888888888 0.025 0.075
1 0.31875000000000003 0.2916666666666667 0.31875000000000003 0.5611111111111111
1 0.54609375 0.5 0.6546875000000001 1.0
1 0.2515625 0.22777777777777777 0.259375 0.45555555555555555
0 0.171875 0.17083333333333334 0.065625 0.10277777777777779
0 0.71484375 0.15555555555555556 0.045312500000000006 0.05555555555555556
0 0.15390625000000002 0.1513888888888889 0.035937500000000004 0.0638888888888889
0 0.74609375 0.1625 0.0484375 0.08055555555555556
0 0.66015625 0.1388888888888889 0.045312500000000006 0.06666666666666667
