1 0.62421875 0.7280927835051546 0.3328125 0.3479381443298969
1 0.9148437500000001 0.6868556701030928 0.1703125 0.2963917525773196
1 0.8367187500000001 0.5708762886597938 0.2015625 0.19845360824742267
1 0.15078125 0.75 0.1921875 0.23195876288659795
1 0.18515625000000002 0.6134020618556701 0.2171875 0.27319587628865977
1 0.05859375 0.8402061855670103 0.1171875 0.27319587628865977
1 0.40468750000000003 0.4896907216494845 0.084375 0.10309278350515463
1 0.37421875000000004 0.529639175257732 0.09843750000000001 0.06443298969072164
1 0.7625000000000001 0.5193298969072165 0.134375 0.11597938144329897
1 0.37890625 0.4922680412371134 0.09531250000000001 0.09278350515463918
1 0.41640625000000003 0.4690721649484536 0.0734375 0.09278350515463918
1 0.321875 0.5528350515463918 0.171875 0.16752577319587628
1 0.74609375 0.4948453608247423 0.1296875 0.13402061855670103
1 0.7093750000000001 0.5 0.140625 0.12371134020618557
