0 0.23125 0.6182669789227166 0.19375 0.37470725995316156
0 0.41250000000000003 0.680327868852459 0.17500000000000002 0.6159250585480094
0 0.7328125000000001 0.6908665105386417 0.5281250000000001 0.594847775175644
0 0.815625 0.7037470725995316 0.36875 0.5925058548009368
0 0.23046875 0.42857142857142855 0.13593750000000002 0.15456674473067916
0 0.484375 0.7587822014051522 0.20625000000000002 0.45901639344262296
0 0.3046875 0.531615925058548 0.23750000000000002 0.2576112412177986
0 0.23125 0.49063231850117095 0.078125 0.16159250585480095
0 0.20390625 0.5304449648711944 0.1046875 0.20374707259953162
0 0.33359375 0.5058548009367682 0.1046875 0.09836065573770492
0 0.6156250000000001 0.8044496487119438 0.328125 0.3864168618266979
0 0.275 0.5140515222482436 0.22812500000000002 0.13348946135831383
0 0.23828125 0.47423887587822017 0.15156250000000002 0.16159250585480095
0 0.08671875000000001 0.4496487119437939 0.1703125 0.22950819672131148
