0 0.63046875 0.8247058823529411 0.2390625 0.3505882352941176
0 0.7140625 0.8047058823529412 0.09062500000000001 0.24941176470588233
0 0.753125 0.788235294117647 0.08750000000000001 0.2164705882352941
0 0.33984375 0.6435294117647058 0.2921875 0.5152941176470588
0 0.775 0.7152941176470587 0.10625000000000001 0.2117647058823529
0 0.76953125 0.6647058823529411 0.051562500000000004 0.07294117647058823
0 0.5140625 0.5423529411764706 0.06875 0.1388235294117647
0 0.7523437500000001 0.7435294117647058 0.1046875 0.2117647058823529
0 0.7328125000000001 0.788235294117647 0.08125 0.2352941176470588
0 0.628125 0.6129411764705882 0.14375000000000002 0.1764705882352941
0 0.6078125000000001 0.8411764705882352 0.253125 0.3176470588235294
0 0.36171875000000003 0.8658823529411764 0.0546875 0.042352941176470586
0 0.47734375 0.5870588235294117 0.0578125 0.08705882352941176
0 0.48281250000000003 0.7223529411764705 0.8500000000000001 0.5505882352941176
