0 0.775 0.8173333333333334 0.242 0.3333333333333333
0 0.534 0.8266666666666667 0.14400000000000002 0.33599999999999997
0 0.371 0.8133333333333334 0.19 0.36266666666666664
0 0.25 0.7959999999999999 0.14 0.22133333333333333
0 0.128 0.6799999999999999 0.17200000000000001 0.20266666666666666
0 0.275 0.6799999999999999 0.218 0.10666666666666666
0 0.728 0.7786666666666666 0.14400000000000002 0.288
0 0.551 0.7506666666666666 0.182 0.14666666666666667
0 0.302 0.8306666666666667 0.10400000000000001 0.17333333333333334
1 0.042 0.6346666666666666 0.084 0.128
0 0.20400000000000001 0.7773333333333333 0.092 0.14666666666666667
0 0.438 0.8626666666666667 0.112 0.27466666666666667
0 0.232 0.6826666666666666 0.176 0.18666666666666665
1 0.115 0.6386666666666666 0.11800000000000001 0.12533333333333332
0 0.338 0.6799999999999999 0.12 0.096
0 0.342 0.7306666666666667 0.668 0.35733333333333334
