1 0.5281250000000001 0.6395833333333333 0.6062500000000001 0.575
1 0.9046875000000001 0.6177083333333333 0.1875 0.45625
1 0.6703125000000001 0.3770833333333333 0.203125 0.11666666666666667
1 0.43203125000000003 0.48020833333333335 0.15156250000000002 0.21458333333333332
1 0.25625000000000003 0.5427083333333333 0.22812500000000002 0.40208333333333335
1 0.12734375 0.4791666666666667 0.2546875 0.4125
1 0.3765625 0.43124999999999997 0.09062500000000001 0.19166666666666665
1 0.6820312500000001 0.4947916666666667 0.07968750000000001 0.18125
1 0.5 0.43645833333333334 0.07187500000000001 0.10208333333333333
1 0.90546875 0.39375 0.1484375 0.15
1 0.83125 0.453125 0.3375 0.43124999999999997
