1 0.15390625000000002 0.7144607843137255 0.30781250000000004 0.5465686274509803
1 0.32343750000000004 0.7156862745098039 0.253125 0.5343137254901961
1 0.48046875 0.704656862745098 0.2328125 0.42401960784313725
1 0.56875 0.704656862745098 0.15937500000000002 0.321078431372549
1 0.6328125 0.6617647058823529 0.1625 0.3480392156862745
1 0.71796875 0.6458333333333334 0.1546875 0.321078431372549
1 0.7835937500000001 0.6397058823529411 0.1015625 0.27941176470588236
1 0.8304687500000001 0.6286764705882353 0.1046875 0.26715686274509803
1 0.8921875 0.6458333333333334 0.096875 0.18872549019607843
1 0.89453125 0.5992647058823529 0.13593750000000002 0.23774509803921567
1 0.9382812500000001 0.5943627450980392 0.0703125 0.21323529411764705
1 0.96640625 0.5931372549019608 0.0671875 0.18137254901960784
