1 0.4759825327510917 0.7734375 0.26200873362445415 0.375
1 0.6146288209606987 0.7406250000000001 0.24235807860262007 0.23125
1 0.74235807860262 0.675 0.16593886462882096 0.153125
1 0.7663755458515283 0.63203125 0.15283842794759825 0.0890625
1 0.695414847161572 0.690625 0.1724890829694323 0.25
1 0.8056768558951964 0.596875 0.17030567685589518 0.09062500000000001
1 0.7947598253275109 0.63828125 0.13973799126637554 0.1015625
1 0.806768558951965 0.5859375 0.12882096069868995 0.034375
1 0.8231441048034934 0.6390625000000001 0.10917030567685589 0.065625
1 0.8307860262008733 0.5953125 0.1331877729257642 0.07187500000000001
1 0.853711790393013 0.59140625 0.10917030567685589 0.0734375
