1 0.7375 0.8822916666666667 0.525 0.21041666666666667
1 0.88046875 0.6625 0.17343750000000002 0.0875
1 0.9 0.6510416666666666 0.11875000000000001 0.07708333333333334
1 0.7875000000000001 0.74375 0.134375 0.1
1 0.7640625000000001 0.81875 0.15937500000000002 0.10416666666666667
1 0.6781250000000001 0.8645833333333334 0.1375 0.09583333333333333
1 0.8367187500000001 0.6739583333333333 0.0859375 0.03125
1 0.73359375 0.9166666666666666 0.3296875 0.12916666666666665
1 0.64453125 0.946875 0.19843750000000002 0.052083333333333336
1 0.6960937500000001 0.84375 0.16718750000000002 0.05416666666666667
1 0.9476562500000001 0.678125 0.0859375 0.13125
