1 0.36250000000000004 0.7111111111111111 0.22187500000000002 0.38333333333333336
1 0.7000000000000001 0.5152777777777778 0.09062500000000001 0.1638888888888889
1 0.80234375 0.5638888888888889 0.0703125 0.1388888888888889
1 0.59921875 0.6263888888888889 0.1546875 0.19722222222222224
1 0.10546875 0.7583333333333334 0.2109375 0.4777777777777778
1 0.184375 0.65 0.16562500000000002 0.2555555555555556
1 0.7609375 0.5 0.028125 0.11111111111111112
1 0.4578125 0.5263888888888889 0.06875 0.20277777777777778
1 0.19296875000000002 0.6361111111111112 0.15781250000000002 0.27222222222222225
1 0.51953125 0.49722222222222223 0.0546875 0.20555555555555557
