1 0.6475409836065574 0.81796875 0.13348946135831383 0.16718750000000002
1 0.7517564402810304 0.75 0.12177985948477751 0.12812500000000002
1 0.41217798594847777 0.74375 0.12177985948477751 0.1375
1 0.11592505854800937 0.8226562500000001 0.11475409836065574 0.1546875
1 0.3044496487119438 0.8851562500000001 0.2107728337236534 0.1609375
1 0.8946135831381733 0.6234375000000001 0.13114754098360656 0.14375000000000002
1 0.45081967213114754 0.6625000000000001 0.11475409836065574 0.08750000000000001
1 0.5245901639344263 0.47968750000000004 0.10772833723653395 0.09375
1 0.7388758782201406 0.48359375000000004 0.11007025761124122 0.0890625
1 0.21428571428571427 0.5710937500000001 0.12412177985948478 0.1046875
1 0.2681498829039813 0.47109375000000003 0.10070257611241218 0.1015625
1 0.8407494145199064 0.42109375000000004 0.07494145199063232 0.1015625
1 0.5807962529274004 0.34453125 0.5573770491803278 0.2484375
