1 0.3609375 0.5625 0.371875 0.6580188679245282
1 0.61484375 0.3938679245283019 0.20468750000000002 0.3584905660377358
1 0.8140625 0.36556603773584906 0.115625 0.32075471698113206
1 0.9304687500000001 0.3290094339622641 0.09531250000000001 0.26179245283018865
1 0.1171875 0.4233490566037736 0.209375 0.47877358490566035
1 0.5046875000000001 0.3643867924528302 0.1125 0.30424528301886794
1 0.7484375000000001 0.30306603773584906 0.0625 0.20990566037735847
1 0.6062500000000001 0.5542452830188679 0.059375000000000004 0.12264150943396226
1 0.9828125000000001 0.3525943396226415 0.028125 0.04952830188679245
1 0.88046875 0.24764150943396226 0.0421875 0.08018867924528301
