0 0.649 0.40188172043010756 0.17400000000000002 0.12634408602150538
0 0.8260000000000001 0.8346774193548387 0.196 0.3252688172043011
0 0.632 0.6801075268817205 0.596 0.6075268817204301
0 0.556 0.5443548387096775 0.228 0.16935483870967744
0 0.41500000000000004 0.45833333333333337 0.194 0.2338709677419355
0 0.373 0.6088709677419355 0.11 0.2231182795698925
0 0.244 0.4274193548387097 0.096 0.05913978494623656
0 0.179 0.3790322580645162 0.07 0.08602150537634409
0 0.301 0.4516129032258065 0.074 0.13440860215053765
0 0.241 0.51747311827957 0.386 0.47043010752688175
0 0.488 0.560483870967742 0.248 0.28763440860215056
0 0.768 0.47580645161290325 0.068 0.20430107526881722
0 0.241 0.3682795698924731 0.126 0.07526881720430108
0 0.582 0.6330645161290324 0.8320000000000001 0.728494623655914
