1 0.465625 0.6472222222222223 0.046875 0.1
1 0.42578125 0.6180555555555556 0.029687500000000002 0.09722222222222222
1 0.39765625000000004 0.6125 0.0171875 0.058333333333333334
1 0.328125 0.6625 0.043750000000000004 0.09722222222222222
1 0.36640625000000004 0.6055555555555556 0.0203125 0.044444444444444446
1 0.38046875 0.6111111111111112 0.010937500000000001 0.044444444444444446
1 0.29375 0.5916666666666667 0.00625 0.02777777777777778
1 0.325 0.6111111111111112 0.05 0.044444444444444446
1 0.28515625 0.5902777777777778 0.0078125 0.025
1 0.234375 0.5819444444444445 0.00625 0.01388888888888889
1 0.27187500000000003 0.5875 0.00625 0.019444444444444445
