1 0.21484375 0.6496746203904555 0.1796875 0.3015184381778742
1 0.796875 0.7310195227765727 0.40625 0.5379609544468547
1 0.6765625000000001 0.6052060737527115 0.19375 0.2733188720173536
1 0.6507812500000001 0.5672451193058569 0.1640625 0.2364425162689805
1 0.10859375 0.44685466377440347 0.029687500000000002 0.0824295010845987
1 0.13046875 0.4522776572668113 0.0421875 0.06724511930585683
1 0.5390625 0.48264642082429504 0.018750000000000003 0.04121475054229935
1 0.5906250000000001 0.5184381778741866 0.03125 0.07375271149674621
1 0.07187500000000001 0.45444685466377444 0.059375000000000004 0.07592190889370933
1 0.02890625 0.46637744034707157 0.035937500000000004 0.05206073752711497
1 0.5859375 0.5726681127982647 0.037500000000000006 0.05206073752711497
1 0.4921875 0.48156182212581344 0.0125 0.030368763557483733
1 0.41015625 0.46529284164859 0.0546875 0.05422993492407809
