1 0.33125000000000004 0.37236533957845436 0.09062500000000001 0.14988290398126464
1 0.8539062500000001 0.3325526932084309 0.060937500000000006 0.12646370023419204
1 0.79296875 0.3255269320843091 0.0671875 0.10772833723653395
1 0.74140625 0.32786885245901637 0.0671875 0.07494145199063232
1 0.69296875 0.3161592505854801 0.0546875 0.07962529274004684
1 0.6640625 0.3079625292740047 0.043750000000000004 0.07259953161592506
1 0.13828125 0.33489461358313816 0.06406250000000001 0.1451990632318501
1 0.63984375 0.3149882903981265 0.029687500000000002 0.04449648711943794
1 0.225 0.29156908665105385 0.028125 0.053864168618266976
1 0.603125 0.8793911007025761 0.05 0.08665105386416862
1 0.6898437500000001 0.8021077283372365 0.029687500000000002 0.04918032786885246
1 0.828125 0.8911007025761124 0.046875 0.09601873536299765
1 0.78515625 0.797423887587822 0.0234375 0.04918032786885246
1 0.6125 0.3430913348946136 0.7250000000000001 0.16159250585480095
