0 0.40390625 0.7239583333333334 0.4453125 0.41041666666666665
0 0.49453125000000003 0.6489583333333333 0.32343750000000004 0.32708333333333334
0 0.53671875 0.5572916666666666 0.1328125 0.14791666666666667
0 0.63203125 0.5572916666666666 0.17343750000000002 0.22708333333333333
0 0.71484375 0.5260416666666666 0.08281250000000001 0.12708333333333333
0 0.5921875 0.5729166666666666 0.209375 0.23333333333333334
0 0.6515625 0.53125 0.15000000000000002 0.19166666666666665
0 0.6078125000000001 0.6479166666666667 0.15000000000000002 0.22083333333333333
0 0.70859375 0.48125 0.1078125 0.1375
0 0.6742187500000001 0.5135416666666667 0.1484375 0.17291666666666666
0 0.6859375000000001 0.490625 0.1625 0.12291666666666666
0 0.49453125000000003 0.534375 0.1078125 0.11875
0 0.7546875000000001 0.47604166666666664 0.07187500000000001 0.07291666666666667
0 0.7578125 0.440625 0.1 0.08958333333333333
