1 0.2703125 0.7711267605633803 0.225 0.24178403755868544
1 0.7250000000000001 0.6643192488262911 0.12187500000000001 0.11267605633802817
1 0.6203125 0.6455399061032864 0.10312500000000001 0.11737089201877934
1 0.43593750000000003 0.7042253521126761 0.2 0.14084507042253522
1 0.11796875000000001 0.6842723004694836 0.11406250000000001 0.14788732394366197
1 0.049218750000000006 0.6232394366197184 0.0703125 0.1056338028169014
1 0.30781250000000004 0.6291079812206573 0.06875 0.14084507042253522
1 0.5453125 0.6279342723004695 0.09375 0.11032863849765258
1 0.6843750000000001 0.619718309859155 0.040625 0.07042253521126761
1 0.8914062500000001 0.6866197183098591 0.0546875 0.1056338028169014
1 0.49765625 0.6924882629107981 0.9953125 0.28169014084507044
