0 0.3125 0.7416666666666667 0.07187500000000001 0.16666666666666666
0 0.025781250000000002 0.7125 0.051562500000000004 0.09583333333333333
0 0.059375000000000004 0.7114583333333333 0.0625 0.09791666666666667
0 0.0546875 0.6739583333333333 0.09375 0.08541666666666667
0 0.1625 0.6791666666666667 0.03125 0.05416666666666667
0 0.0859375 0.675 0.043750000000000004 0.0625
0 0.18515625000000002 0.7458333333333333 0.0703125 0.17083333333333334
0 0.096875 0.68125 0.046875 0.08333333333333333
0 0.07265625 0.7 0.0484375 0.058333333333333334
0 0.14765625000000002 0.65 0.0578125 0.1
1 0.7445312500000001 0.7614583333333333 0.0703125 0.16041666666666665
0 0.1078125 0.6739583333333333 0.037500000000000006 0.08958333333333333
0 0.11953125 0.6791666666666667 0.029687500000000002 0.058333333333333334
1 0.884375 0.7875 0.05625 0.125
1 0.48281250000000003 0.7625 0.134375 0.21666666666666667
1 0.23828125 0.7697916666666667 0.09843750000000001 0.18125
1 0.52578125 0.734375 0.1015625 0.19375
1 0.7992187500000001 0.7541666666666667 0.0859375 0.15416666666666667
0 0.35000000000000003 0.7145833333333333 0.053125000000000006 0.15416666666666667
0 0.178125 0.74375 0.35625 0.2375
