1 0.11171875 0.6776470588235294 0.15781250000000002 0.46117647058823524
1 0.6421875 0.5611764705882353 0.07187500000000001 0.1341176470588235
1 0.44765625000000003 0.5435294117647058 0.06406250000000001 0.0988235294117647
1 0.4859375 0.528235294117647 0.028125 0.0588235294117647
1 0.14140625 0.5094117647058823 0.0421875 0.03529411764705882
1 0.16171875000000002 0.5011764705882352 0.0203125 0.047058823529411764
1 0.55859375 0.5199999999999999 0.045312500000000006 0.06588235294117646
1 0.89453125 0.6329411764705882 0.2109375 0.42823529411764705
1 0.36562500000000003 0.5717647058823528 0.07500000000000001 0.18352941176470586
1 0.6828125 0.5235294117647058 0.0125 0.03529411764705882
1 0.24609375 0.5211764705882352 0.0578125 0.03529411764705882
1 0.7546875000000001 0.5270588235294117 0.018750000000000003 0.028235294117647056
1 0.49765625 0.5188235294117647 0.0203125 0.0588235294117647
1 0.57265625 0.6270588235294117 0.5421875 0.2611764705882353
