0 0.452 0.8031250000000001 0.23600000000000002 0.26875
0 0.659 0.7515625 0.222 0.203125
1 0.753 0.7046875 0.17400000000000002 0.178125
1 0.251 0.7296875 0.11 0.19062500000000002
0 0.07100000000000001 0.7203125 0.094 0.16562500000000002
0 0.534 0.7515625 0.088 0.171875
0 0.366 0.690625 0.044 0.125
0 0.183 0.6843750000000001 0.07 0.14375000000000002
0 0.322 0.7312500000000001 0.056 0.07500000000000001
1 0.14100000000000001 0.6625000000000001 0.034 0.09375
1 0.918 0.7421875 0.164 0.109375
1 0.858 0.6671875 0.064 0.084375
1 0.927 0.68125 0.05 0.10625000000000001
1 0.836 0.6953125 0.02 0.028125
