1 0.184640522875817 0.6666666666666667 0.369281045751634 0.3006535947712418
1 0.37173202614379086 0.6887254901960784 0.09967320261437909 0.17483660130718956
1 0.8725490196078431 0.6715686274509804 0.24183006535947713 0.1503267973856209
1 0.4297385620915033 0.6944444444444444 0.06535947712418301 0.12418300653594772
1 0.7246732026143791 0.696078431372549 0.07352941176470588 0.08496732026143791
1 0.5915032679738562 0.6968954248366013 0.042483660130718956 0.057189542483660136
1 0.6568627450980392 0.6944444444444444 0.06535947712418301 0.07189542483660132
1 0.619281045751634 0.696078431372549 0.032679738562091505 0.058823529411764705
1 0.45915032679738566 0.6928104575163399 0.09803921568627451 0.09150326797385622
1 0.6838235294117647 0.7017973856209151 0.04084967320261438 0.06699346405228758
1 0.732843137254902 0.7009803921568628 0.057189542483660136 0.07516339869281045
1 0.9656862745098039 0.6650326797385621 0.06862745098039216 0.049019607843137254
