1 0.7515625 0.8758169934640523 0.1 0.1503267973856209
1 0.66328125 0.8627450980392157 0.09531250000000001 0.14379084967320263
1 0.603125 0.8758169934640523 0.046875 0.10457516339869281
1 0.553125 0.8513071895424836 0.08125 0.13398692810457516
1 0.3671875 0.8349673202614379 0.065625 0.10784313725490197
1 0.40390625 0.8545751633986929 0.0140625 0.06209150326797386
1 0.29765625 0.815359477124183 0.0671875 0.12745098039215685
1 0.22968750000000002 0.8218954248366014 0.053125000000000006 0.10130718954248366
1 0.4625 0.8415032679738562 0.084375 0.12091503267973856
1 0.41484375 0.857843137254902 0.0203125 0.06862745098039216
