0 0.31562500000000004 0.43412526997840173 0.025 0.0734341252699784
0 0.2234375 0.42980561555075597 0.05 0.06911447084233262
1 0.037500000000000006 0.6511879049676026 0.065625 0.265658747300216
1 0.36015625 0.4503239740820735 0.051562500000000004 0.07991360691144708
0 0.0921875 0.45464362850971923 0.03125 0.11879049676025918
0 0.33046875000000003 0.4265658747300216 0.0171875 0.05399568034557236
0 0.63671875 0.4125269978401728 0.0203125 0.05615550755939525
1 0.13593750000000002 0.4470842332613391 0.05 0.12526997840172788
1 0.2625 0.4308855291576674 0.046875 0.06263498920086394
1 0.59375 0.3930885529157668 0.0125 0.03023758099352052
1 0.85546875 0.5043196544276458 0.029687500000000002 0.0755939524838013
