1 0.9 0.76171875 0.058333333333333334 0.0546875
1 0.753125 0.7210937500000001 0.04791666666666666 0.0578125
1 0.6833333333333333 0.72421875 0.05416666666666667 0.045312500000000006
1 0.48541666666666666 0.6804687500000001 0.041666666666666664 0.051562500000000004
1 0.6260416666666666 0.6195312500000001 0.06875 0.0328125
1 0.6 0.6796875 0.058333333333333334 0.034375
1 0.26458333333333334 0.63203125 0.05416666666666667 0.0390625
1 0.37916666666666665 0.64609375 0.041666666666666664 0.045312500000000006
1 0.5895833333333333 0.59296875 0.4041666666666667 0.0703125
1 0.80625 0.7171875000000001 0.041666666666666664 0.07500000000000001
1 0.8416666666666667 0.7132812500000001 0.0375 0.045312500000000006
1 0.5239583333333333 0.5710937500000001 0.027083333333333334 0.0234375
1 0.7229166666666667 0.60078125 0.029166666666666667 0.035937500000000004
1 0.515625 0.5890625 0.9645833333333333 0.4375
