1 0.35468750000000004 0.6662763466042154 0.27187500000000003 0.46604215456674475
1 0.6820312500000001 0.4449648711943794 0.1265625 0.22950819672131148
1 0.5085937500000001 0.33489461358313816 0.0203125 0.08899297423887588
1 0.4921875 0.41569086651053866 0.037500000000000006 0.16159250585480095
1 0.52578125 0.3161592505854801 0.0171875 0.06557377049180328
1 0.609375 0.3524590163934426 0.040625 0.08196721311475409
1 0.5375 0.29859484777517564 0.018750000000000003 0.07728337236533958
1 0.5203125000000001 0.2681498829039813 0.015625 0.02107728337236534
1 0.58984375 0.28805620608899296 0.0140625 0.05152224824355972
1 0.5750000000000001 0.28337236533957844 0.0125 0.046838407494145196
1 0.584375 0.25526932084309134 0.018750000000000003 0.01873536299765808
1 0.5906250000000001 0.3149882903981265 0.021875000000000002 0.08196721311475409
1 0.34765625 0.6861826697892272 0.27968750000000003 0.468384074941452
