1 0.8250000000000001 0.8020833333333334 0.17500000000000002 0.24166666666666667
1 0.6359375 0.7552083333333334 0.09375 0.14791666666666667
1 0.37265625 0.684375 0.0390625 0.052083333333333336
1 0.29921875000000003 0.653125 0.045312500000000006 0.07708333333333334
1 0.32343750000000004 0.6510416666666666 0.021875000000000002 0.052083333333333336
1 0.34296875000000004 0.6270833333333333 0.0140625 0.041666666666666664
1 0.4890625 0.73125 0.046875 0.08333333333333333
1 0.42421875000000003 0.6916666666666667 0.045312500000000006 0.075
1 0.6921875000000001 0.6802083333333333 0.065625 0.09791666666666667
1 0.5765625 0.6833333333333333 0.05625 0.08333333333333333
1 0.2578125 0.6322916666666667 0.018750000000000003 0.035416666666666666
1 0.53046875 0.6697916666666667 0.035937500000000004 0.06875
1 0.23515625 0.6302083333333334 0.0390625 0.035416666666666666
