1 0.32109375 0.6291079812206573 0.2171875 0.3192488262910798
0 0.8515625 0.471830985915493 0.05 0.12206572769953052
0 0.7109375 0.35211267605633806 0.021875000000000002 0.051643192488262914
0 0.7734375 0.3744131455399061 0.025 0.0539906103286385
0 0.68359375 0.34624413145539906 0.026562500000000003 0.04929577464788733
0 0.65 0.3438967136150235 0.021875000000000002 0.04460093896713615
0 0.60703125 0.32981220657276994 0.0234375 0.04460093896713615
0 0.5703125 0.32629107981220656 0.021875000000000002 0.03755868544600939
0 0.6742187500000001 0.3485915492957747 0.0234375 0.03990610328638498
0 0.753125 0.3685446009389671 0.0125 0.046948356807511735
