1 0.1125 0.6635514018691588 0.225 0.2102803738317757
1 0.4625 0.5899532710280373 0.096875 0.12383177570093457
1 0.625 0.6775700934579438 0.084375 0.20093457943925233
1 0.37890625 0.6401869158878504 0.09531250000000001 0.205607476635514
1 0.6890625 0.594626168224299 0.05625 0.1144859813084112
1 0.47500000000000003 0.5198598130841121 0.065625 0.05841121495327102
1 0.9539062500000001 0.5957943925233644 0.0890625 0.11682242990654204
1 0.7765625 0.5245327102803737 0.040625 0.08177570093457943
1 0.90390625 0.5467289719626168 0.051562500000000004 0.03271028037383177
1 0.48125 0.4894859813084112 0.028125 0.03037383177570093
1 0.010937500000000001 0.5537383177570093 0.021875000000000002 0.06542056074766354
