1 0.15729166666666666 0.61328125 0.3145833333333333 0.19843750000000002
1 0.30104166666666665 0.59375 0.17291666666666666 0.16875
1 0.8760416666666666 0.6429687500000001 0.24791666666666667 0.2109375
1 0.8624999999999999 0.6195312500000001 0.2708333333333333 0.1765625
1 0.6197916666666666 0.56484375 0.09375 0.1328125
1 0.7177083333333333 0.55 0.11041666666666666 0.09062500000000001
1 0.746875 0.61484375 0.06458333333333333 0.0890625
1 0.053125 0.7781250000000001 0.10625 0.140625
1 0.7708333333333334 0.5750000000000001 0.1375 0.109375
1 0.38125 0.56484375 0.0875 0.0921875
1 0.3416666666666667 0.56796875 0.11666666666666667 0.15156250000000002
1 0.7291666666666666 0.5234375 0.18333333333333332 0.096875
1 0.3958333333333333 0.5554687500000001 0.0875 0.0734375
1 0.4322916666666667 0.53671875 0.28541666666666665 0.0859375
