1 0.175 0.6515625 0.24166666666666667 0.096875
1 0.6802083333333333 0.36796875 0.3229166666666667 0.33906250000000004
1 0.17083333333333334 0.234375 0.16666666666666666 0.08125
1 0.7729166666666667 0.403125 0.19583333333333333 0.065625
1 0.6083333333333333 0.4453125 0.19166666666666665 0.096875
1 0.1875 0.5007812500000001 0.19583333333333333 0.1078125
1 0.40520833333333334 0.25859375 0.16875 0.08281250000000001
1 0.503125 0.39296875000000003 0.18541666666666667 0.0734375
1 0.3875 0.7328125000000001 0.10833333333333334 0.08750000000000001
1 0.5583333333333333 0.67109375 0.0875 0.0671875
1 0.41354166666666664 0.57578125 0.24791666666666667 0.1015625
1 0.42291666666666666 0.32265625000000003 0.16666666666666666 0.0703125
1 0.3520833333333333 0.4921875 0.19166666666666665 0.078125
1 0.50625 0.42265625 0.9583333333333334 0.5578125
