0 0.22031250000000002 0.5538641686182669 0.44062500000000004 0.65807962529274
0 0.75703125 0.563231850117096 0.4859375 0.5409836065573771
0 0.4765625 0.43559718969555034 0.12812500000000002 0.11241217798594848
0 0.7015625000000001 0.6311475409836066 0.10625000000000001 0.2224824355971897
0 0.7250000000000001 0.550351288056206 0.1 0.1451990632318501
0 0.11406250000000001 0.44379391100702575 0.171875 0.24121779859484777
0 0.36484375 0.4063231850117096 0.15156250000000002 0.09133489461358314
0 0.38984375000000004 0.3805620608899297 0.1015625 0.13817330210772832
0 0.55625 0.47306791569086654 0.125 0.15456674473067916
0 0.07890625000000001 0.8079625292740047 0.1546875 0.3840749414519906
0 0.36953125000000003 0.550351288056206 0.7234375000000001 0.6229508196721312
