1 0.14200000000000002 0.7716417910447761 0.268 0.4507462686567164
1 0.481 0.582089552238806 0.106 0.22686567164179106
1 0.395 0.8925373134328358 0.074 0.18507462686567164
1 0.923 0.8388059701492537 0.146 0.32238805970149254
1 0.72 0.7014925373134329 0.20800000000000002 0.11343283582089553
1 0.901 0.6253731343283582 0.11 0.1582089552238806
1 0.8200000000000001 0.6313432835820896 0.14 0.11641791044776119
1 0.267 0.48059701492537316 0.066 0.17313432835820897
1 0.405 0.6955223880597015 0.154 0.25671641791044775
1 0.88 0.7880597014925373 0.056 0.08358208955223881
1 0.783 0.4791044776119403 0.034 0.03283582089552239
1 0.516 0.4164179104477612 0.032 0.06865671641791045
1 0.34800000000000003 0.5104477611940299 0.032 0.029850746268656716
