0 0.9343750000000001 0.3629976580796253 0.05 0.1686182669789227
1 0.11796875000000001 0.6721311475409836 0.23593750000000002 0.6182669789227166
1 0.2328125 0.5925058548009368 0.28750000000000003 0.5011709601873536
1 0.33437500000000003 0.550351288056206 0.1875 0.3981264637002342
1 0.47968750000000004 0.3946135831381733 0.11875000000000001 0.3255269320843091
1 0.47968750000000004 0.4016393442622951 0.259375 0.23185011709601874
1 0.63828125 0.3044496487119438 0.0890625 0.1686182669789227
1 0.36953125000000003 0.4531615925058548 0.16718750000000002 0.40046838407494145
1 0.0734375 0.9016393442622951 0.146875 0.19672131147540983
1 0.5789062500000001 0.3770491803278688 0.22031250000000002 0.22950819672131148
1 0.659375 0.30679156908665106 0.1 0.19672131147540983
1 0.41328125000000004 0.4531615925058548 0.1421875 0.297423887587822
1 0.6921875000000001 0.31381733021077285 0.084375 0.16393442622950818
0 0.09609375 0.351288056206089 0.1265625 0.17798594847775176
0 0.14453125 0.3126463700234192 0.06406250000000001 0.1288056206088993
