1 0.71640625 0.65 0.2390625 0.2125
1 0.2921875 0.6864583333333333 0.19375 0.24791666666666667
1 0.45390625 0.6208333333333333 0.1078125 0.23333333333333334
1 0.290625 0.546875 0.10625000000000001 0.11458333333333333
1 0.5085937500000001 0.553125 0.1390625 0.18125
1 0.40390625 0.5125 0.07968750000000001 0.1
1 0.36796875 0.56875 0.07968750000000001 0.15833333333333333
1 0.34375 0.46770833333333334 0.053125000000000006 0.035416666666666666
1 0.38203125000000004 0.45416666666666666 0.0171875 0.025
1 0.309375 0.5010416666666666 0.046875 0.03958333333333333
