1 0.24004683840749413 0.7140625 0.4613583138173302 0.5437500000000001
1 0.6662763466042154 0.86484375 0.4894613583138173 0.2703125
1 0.7177985948477752 0.54921875 0.5644028103044496 0.3328125
1 0.7611241217798594 0.34218750000000003 0.477751756440281 0.134375
1 0.7072599531615925 0.28671875 0.3981264637002342 0.11093750000000001
1 0.734192037470726 0.61328125 0.531615925058548 0.1953125
1 0.6311475409836066 0.203125 0.17096018735362997 0.043750000000000004
1 0.5702576112412178 0.17500000000000002 0.08196721311475409 0.028125
1 0.2857142857142857 0.278125 0.38875878220140514 0.109375
1 0.7622950819672131 0.3921875 0.47540983606557374 0.096875
1 0.6791569086651054 0.21796875000000002 0.2903981264637002 0.060937500000000006
1 0.6873536299765808 0.24921875000000002 0.3395784543325527 0.0390625
1 0.1955503512880562 0.5085937500000001 0.3911007025761124 0.37343750000000003
1 0.29859484777517564 0.33437500000000003 0.5925058548009368 0.415625
