0 0.3828125 0.6604166666666667 0.35000000000000003 0.3416666666666667
1 0.7046875 0.5614583333333333 0.259375 0.34375
1 0.8289062500000001 0.6822916666666666 0.34218750000000003 0.6104166666666666
1 0.58515625 0.4 0.07968750000000001 0.2125
1 0.57265625 0.8135416666666666 0.3140625 0.3729166666666667
1 0.25625000000000003 0.4270833333333333 0.12187500000000001 0.17083333333333334
1 0.0578125 0.6302083333333334 0.115625 0.34375
1 0.515625 0.37395833333333334 0.03125 0.11875
1 0.9125000000000001 0.353125 0.08125 0.16875
1 0.17500000000000002 0.48854166666666665 0.115625 0.19375
1 0.46484375 0.43333333333333335 0.0703125 0.11666666666666667
1 0.9578125000000001 0.4979166666666667 0.08125 0.15
1 0.16562500000000002 0.7791666666666667 0.33125000000000004 0.44166666666666665
1 0.11328125 0.42083333333333334 0.0921875 0.19166666666666665
1 0.49296875 0.4041666666666667 0.9453125 0.30833333333333335
