0 0.903755868544601 0.8210937500000001 0.19248826291079812 0.35781250000000003
1 0.4671361502347418 0.6984375 0.23004694835680753 0.18125000000000002
1 0.3744131455399061 0.8601562500000001 0.44366197183098594 0.27968750000000003
1 0.5880281690140845 0.60078125 0.05868544600938967 0.1546875
1 0.8603286384976526 0.6179687500000001 0.15258215962441316 0.22968750000000002
1 0.25234741784037557 0.5671875000000001 0.24647887323943662 0.140625
1 0.49178403755868544 0.5640625 0.1572769953051643 0.1625
1 0.7969483568075117 0.49843750000000003 0.14788732394366197 0.078125
1 0.8744131455399061 0.4734375 0.08685446009389672 0.09375
1 0.5246478873239436 0.6390625000000001 0.07746478873239437 0.10312500000000001
1 0.9401408450704225 0.45390625 0.07276995305164319 0.0890625
