1 0.30078125 0.809375 0.5984375000000001 0.38125
1 0.5078125 0.7958333333333333 0.209375 0.37916666666666665
1 0.5625 0.665625 0.11875000000000001 0.13125
1 0.59375 0.734375 0.10625000000000001 0.12291666666666666
1 0.6203125 0.6125 0.018750000000000003 0.0375
1 0.63984375 0.6052083333333333 0.0203125 0.035416666666666666
1 0.8640625000000001 0.7708333333333334 0.153125 0.3
1 0.6015625 0.8229166666666666 0.12812500000000002 0.275
1 0.59140625 0.6385416666666667 0.06406250000000001 0.09375
1 0.9750000000000001 0.7572916666666667 0.05 0.20625
1 0.5453125 0.5947916666666666 0.0125 0.014583333333333334
1 0.61328125 0.6125 0.010937500000000001 0.020833333333333332
