1 0.6234375000000001 0.715962441314554 0.115625 0.2112676056338028
0 0.38593750000000004 0.8650234741784038 0.2625 0.2699530516431925
0 0.6023437500000001 0.3086854460093897 0.0546875 0.18544600938967137
0 0.84140625 0.8626760563380282 0.22968750000000002 0.2746478873239437
0 0.12265625000000001 0.8251173708920188 0.24531250000000002 0.3028169014084507
0 0.45078125 0.3039906103286385 0.0484375 0.19483568075117372
0 0.64765625 0.8544600938967136 0.1921875 0.27699530516431925
0 0.859375 0.2805164319248826 0.05625 0.19953051643192488
0 0.12812500000000002 0.7699530516431925 0.10312500000000001 0.0892018779342723
1 0.60703125 0.045774647887323945 0.0546875 0.0539906103286385
0 0.31328125 0.3086854460093897 0.026562500000000003 0.19014084507042253
0 0.9773437500000001 0.9154929577464789 0.0390625 0.16901408450704225
0 0.43671875000000004 0.7089201877934272 0.09843750000000001 0.056338028169014086
0 0.6664062500000001 0.31338028169014087 0.060937500000000006 0.1807511737089202
1 0.76875 0.7194835680751174 0.10312500000000001 0.20422535211267606
0 0.63828125 0.31338028169014087 0.026562500000000003 0.1431924882629108
0 0.5 0.42018779342723006 0.9968750000000001 0.8403755868544601
