1 0.47734375 0.651270207852194 0.06406250000000001 0.15704387990762125
1 0.9125000000000001 0.6431870669745958 0.1 0.15011547344110854
1 0.8109375000000001 0.6374133949191686 0.09375 0.09699769053117782
1 0.36484375 0.6004618937644342 0.0234375 0.06928406466512702
1 0.6976562500000001 0.7852193995381063 0.16718750000000002 0.3094688221709007
1 0.60078125 0.6293302540415704 0.0671875 0.12702078521939952
1 0.07734375 0.6374133949191686 0.1546875 0.19399538106235564
1 0.42578125 0.5946882217090069 0.029687500000000002 0.07621247113163972
1 0.5546875 0.5842956120092379 0.03125 0.06466512702078522
1 0.39609375 0.5669745958429561 0.0203125 0.03926096997690531
1 0.278125 0.5715935334872979 0.021875000000000002 0.04849884526558891
1 0.296875 0.5623556581986143 0.0125 0.03464203233256351
1 0.3328125 0.5669745958429561 0.015625 0.03926096997690531
1 0.15781250000000002 0.6062355658198614 0.3125 0.15473441108545036
