0 0.3515625 0.7517006802721089 0.028125 0.11564625850340136
0 0.0578125 0.6485260770975056 0.115625 0.14058956916099774
0 0.6218750000000001 0.7494331065759637 0.1875 0.30158730158730157
0 0.1796875 0.7018140589569161 0.15000000000000002 0.1836734693877551
0 0.43046875 0.7290249433106576 0.1453125 0.24263038548752835
0 0.30703125000000003 0.717687074829932 0.0859375 0.18820861678004536
0 0.9695312500000001 0.8435374149659864 0.060937500000000006 0.3129251700680272
0 0.5375 0.753968253968254 0.1375 0.2380952380952381
0 0.11328125 0.6916099773242631 0.0390625 0.15419501133786848
0 0.26015625000000003 0.6938775510204082 0.0484375 0.163265306122449
