0 0.2202797202797203 0.7434052757793764 0.24475524475524477 0.26378896882494
1 0.5804195804195804 0.7362110311750599 0.8041958041958042 0.46043165467625896
1 0.5664335664335665 0.7098321342925659 0.8671328671328671 0.42206235011990406
1 0.5804195804195804 0.49280575539568344 0.2097902097902098 0.16546762589928057
1 0.16783216783216784 0.4544364508393285 0.1888111888111888 0.11270983213429256
0 0.3094405594405594 0.5179856115107914 0.3531468531468531 0.16306954436450838
0 0.25524475524475526 0.4820143884892086 0.27972027972027974 0.13908872901678657
0 0.4178321678321678 0.5359712230215827 0.458041958041958 0.17026378896882494
1 0.48426573426573427 0.5935251798561151 0.2692307692307692 0.12230215827338128
1 0.3968531468531469 0.4316546762589928 0.12237762237762238 0.06235011990407673
