1 0.6585937500000001 0.6885245901639344 0.27968750000000003 0.2857142857142857
1 0.371875 0.6264637002341921 0.171875 0.1522248243559719
1 0.9 0.5796252927400468 0.059375000000000004 0.07259953161592506
1 0.8539062500000001 0.5679156908665105 0.0703125 0.06791569086651054
1 0.8250000000000001 0.5679156908665105 0.037500000000000006 0.04918032786885246
1 0.984375 0.6030444964871194 0.03125 0.07728337236533958
1 0.953125 0.5737704918032787 0.08125 0.10304449648711944
1 0.80234375 0.5562060889929742 0.0421875 0.0585480093676815
1 0.7718750000000001 0.5644028103044496 0.018750000000000003 0.03747072599531616
1 0.0140625 0.5550351288056206 0.028125 0.03747072599531616
1 0.46718750000000003 0.5784543325526932 0.10312500000000001 0.12646370023419204
1 0.18281250000000002 0.5960187353629977 0.125 0.10070257611241218
1 0.33906250000000004 0.5901639344262295 0.11875000000000001 0.1686182669789227
1 0.1640625 0.5913348946135831 0.28125 0.15690866510538642
