1 0.11484375000000001 0.6349372384937237 0.2265625 0.42050209205020916
1 0.6742187500000001 0.5502092050209204 0.2078125 0.25941422594142255
1 0.8992187500000001 0.5188284518828451 0.16718750000000002 0.20920502092050208
1 0.92578125 0.45815899581589953 0.1484375 0.0794979079497908
1 0.340625 0.5972803347280334 0.26875 0.3912133891213389
1 0.46718750000000003 0.405857740585774 0.06875 0.08786610878661087
1 0.47890625000000003 0.5815899581589957 0.1921875 0.3221757322175732
1 0.67890625 0.3744769874476987 0.07968750000000001 0.09623430962343095
1 0.5546875 0.5732217573221757 0.24375000000000002 0.25941422594142255
1 0.8093750000000001 0.5167364016736401 0.184375 0.29707112970711297
1 0.0625 0.4236401673640167 0.046875 0.11506276150627615
1 0.13671875 0.3933054393305439 0.0546875 0.08368200836820083
1 0.35781250000000003 0.40794979079497906 0.05 0.10878661087866108
1 0.50703125 0.405857740585774 0.9828125000000001 0.6778242677824268
