1 0.31015625 0.7353629976580797 0.045312500000000006 0.09367681498829039
1 0.23671875 0.6288056206088993 0.026562500000000003 0.0585480093676815
1 0.64609375 0.6451990632318502 0.035937500000000004 0.053864168618266976
1 0.2109375 0.680327868852459 0.03125 0.06323185011709602
1 0.2578125 0.6042154566744731 0.015625 0.02810304449648712
1 0.134375 0.5866510538641686 0.009375000000000001 0.02107728337236534
1 0.55234375 0.6206088992974239 0.035937500000000004 0.05152224824355972
1 0.1625 0.6135831381733021 0.018750000000000003 0.03747072599531616
1 0.61328125 0.6252927400468384 0.051562500000000004 0.0702576112412178
1 0.9140625 0.6756440281030445 0.0625 0.11943793911007025
1 0.96015625 0.6814988290398126 0.0390625 0.08899297423887588
1 0.5328125 0.6100702576112412 0.025 0.0585480093676815
1 0.115625 0.5690866510538641 0.00625 0.01405152224824356
1 0.525 0.5117096018735363 0.946875 0.4566744730679157
