1 0.89765625 0.303125 0.15781250000000002 0.21875
1 0.7757812500000001 0.3 0.1015625 0.15833333333333333
1 0.065625 0.3770833333333333 0.13125 0.2625
1 0.9515625000000001 0.31354166666666666 0.096875 0.26458333333333334
1 0.31640625 0.28020833333333334 0.0765625 0.09791666666666667
1 0.28125 0.2635416666666667 0.028125 0.03125
1 0.1765625 0.25729166666666664 0.07500000000000001 0.06041666666666667
1 0.13984375000000002 0.25625 0.0328125 0.05416666666666667
1 0.07187500000000001 0.22916666666666666 0.096875 0.07916666666666666
1 0.8343750000000001 0.26979166666666665 0.08125 0.11875
1 0.4765625 0.4895833333333333 0.8375 0.9541666666666666
