0 0.9546875 0.7766990291262136 0.09062500000000001 0.24595469255663432
0 0.83125 0.8009708737864079 0.13125 0.15857605177993528
0 0.6117187500000001 0.7346278317152104 0.06406250000000001 0.12297734627831716
0 0.48125 0.7233009708737864 0.034375 0.10032362459546926
0 0.38359375 0.7184466019417476 0.0234375 0.06472491909385114
0 0.3171875 0.7006472491909386 0.034375 0.08737864077669903
0 0.55 0.7394822006472492 0.065625 0.1262135922330097
0 0.7125 0.7588996763754046 0.08750000000000001 0.17152103559870552
0 0.39921875 0.7135922330097088 0.010937500000000001 0.05501618122977347
0 0.42734375 0.7200647249190939 0.035937500000000004 0.09385113268608415
0 0.36562500000000003 0.7022653721682848 0.0125 0.05825242718446602
0 0.3484375 0.6941747572815534 0.025 0.08090614886731393
0 0.2890625 0.6860841423948221 0.03125 0.09061488673139159
0 0.521875 0.6747572815533981 0.70625 0.22330097087378642
