1 0.060937500000000006 0.634375 0.12187500000000001 0.2895833333333333
1 0.16484375 0.6177083333333333 0.1703125 0.21041666666666667
1 0.27578125000000003 0.6010416666666667 0.0859375 0.21458333333333332
1 0.34609375000000003 0.6177083333333333 0.1078125 0.14791666666666667
1 0.37812500000000004 0.58125 0.146875 0.175
1 0.46718750000000003 0.5708333333333333 0.08125 0.15416666666666667
1 0.50625 0.5614583333333333 0.125 0.14375
1 0.64765625 0.5604166666666667 0.0328125 0.07083333333333333
1 0.5796875 0.5572916666666666 0.053125000000000006 0.13125
1 0.6101562500000001 0.5677083333333334 0.0703125 0.08125
1 0.66171875 0.5541666666666667 0.0390625 0.07916666666666666
1 0.68125 0.5395833333333333 0.040625 0.09166666666666666
1 0.7117187500000001 0.5479166666666666 0.0328125 0.058333333333333334
1 0.58359375 0.54375 0.48281250000000003 0.11666666666666667
