1 0.27265625 0.6135831381733021 0.35468750000000004 0.7728337236533958
1 0.86328125 0.6358313817330211 0.2671875 0.7236533957845434
1 0.7203125 0.5597189695550351 0.234375 0.6182669789227166
1 0.63046875 0.5105386416861827 0.1296875 0.34660421545667447
1 0.4921875 0.48243559718969553 0.037500000000000006 0.10772833723653395
1 0.1453125 0.5995316159250585 0.290625 0.7634660421545667
1 0.584375 0.45081967213114754 0.065625 0.17096018735362997
1 0.41171875 0.5562060889929742 0.0921875 0.18501170960187355
1 0.42812500000000003 0.4929742388758782 0.078125 0.15690866510538642
1 0.553125 0.4613583138173302 0.034375 0.14988290398126464
1 0.46718750000000003 0.48711943793911006 0.021875000000000002 0.117096018735363
