0 0.56640625 0.585480093676815 0.09843750000000001 0.3185011709601874
0 0.6742187500000001 0.5913348946135831 0.0921875 0.2927400468384075
0 0.7796875000000001 0.6112412177985949 0.1 0.3044496487119438
0 0.46953125 0.5667447306791569 0.0734375 0.26697892271662765
0 0.33125000000000004 0.5655737704918032 0.07500000000000001 0.2646370023419204
0 0.16484375 0.4519906323185012 0.045312500000000006 0.1920374707259953
0 0.125 0.40749414519906324 0.046875 0.20608899297423888
0 0.02890625 0.202576112412178 0.0578125 0.09133489461358314
0 0.37734375000000003 0.5421545667447307 0.045312500000000006 0.22716627634660422
0 0.5203125000000001 0.5901639344262295 0.03125 0.17798594847775176
0 0.15156250000000002 0.16744730679156908 0.046875 0.11943793911007025
0 0.2171875 0.5140515222482436 0.053125000000000006 0.22716627634660422
0 0.28750000000000003 0.5468384074941453 0.0625 0.25526932084309134
0 0.28515625 0.39695550351288056 0.2828125 0.4894613583138173
