0 0.9242187500000001 0.6135416666666667 0.11093750000000001 0.13541666666666666
0 0.6937500000000001 0.6104166666666666 0.078125 0.18333333333333332
0 0.59140625 0.6041666666666666 0.0234375 0.0375
0 0.54140625 0.6270833333333333 0.07968750000000001 0.1875
0 0.7507812500000001 0.6395833333333333 0.0765625 0.125
0 0.40390625 0.65 0.09531250000000001 0.2125
0 0.29375 0.63125 0.037500000000000006 0.18333333333333332
0 0.45 0.6083333333333333 0.059375000000000004 0.14166666666666666
0 0.48203125 0.5927083333333333 0.029687500000000002 0.06875
0 0.6117187500000001 0.6114583333333333 0.060937500000000006 0.19375
0 0.70078125 0.6114583333333333 0.2859375 0.21041666666666667
0 0.82734375 0.6114583333333333 0.0578125 0.08958333333333333
0 0.34140625 0.609375 0.0578125 0.16458333333333333
0 0.47968750000000004 0.6083333333333333 0.90625 0.24166666666666667
