1 0.5710937500000001 0.6030444964871194 0.15781250000000002 0.21779859484777517
1 0.86640625 0.2716627634660422 0.08281250000000001 0.10304449648711944
1 0.31953125000000004 0.594847775175644 0.13593750000000002 0.20140515222482436
1 0.3921875 0.5 0.07500000000000001 0.1990632318501171
1 0.10234375000000001 0.5737704918032787 0.09843750000000001 0.17798594847775176
1 0.20234375000000002 0.4637002341920375 0.09843750000000001 0.19672131147540983
1 0.078125 0.4016393442622951 0.109375 0.17096018735362997
1 0.25859375 0.3875878220140515 0.0671875 0.14285714285714285
1 0.3515625 0.36768149882903983 0.08750000000000001 0.1451990632318501
1 0.8453125 0.7822014051522248 0.234375 0.26229508196721313
1 0.8125 0.9695550351288056 0.11875000000000001 0.06088992974238876
1 0.9812500000000001 0.9496487119437939 0.037500000000000006 0.09601873536299765
1 0.465625 0.3594847775175644 0.08125 0.11007025761124122
1 0.61484375 0.29859484777517564 0.6828125 0.22716627634660422
