0 0.749 0.744 0.386 0.33599999999999997
0 0.45 0.6826666666666666 0.292 0.31466666666666665
0 0.602 0.6986666666666667 0.148 0.224
0 0.41000000000000003 0.5813333333333334 0.228 0.23466666666666666
0 0.322 0.5973333333333333 0.088 0.16533333333333333
0 0.607 0.5573333333333333 0.154 0.176
0 0.304 0.5706666666666667 0.14400000000000002 0.16533333333333333
0 0.367 0.488 0.074 0.05333333333333333
0 0.318 0.472 0.156 0.05333333333333333
0 0.34800000000000003 0.528 0.028 0.048
0 0.519 0.512 0.054 0.06933333333333333
