1 0.27968750000000003 0.5819672131147541 0.034375 0.10070257611241218
1 0.24140625000000002 0.5608899297423887 0.0546875 0.1053864168618267
1 0.81796875 0.3840749414519906 0.029687500000000002 0.0702576112412178
1 0.61640625 0.43559718969555034 0.0484375 0.06557377049180328
1 0.734375 0.40866510538641687 0.06875 0.08196721311475409
1 0.69296875 0.405152224824356 0.0421875 0.08430913348946135
1 0.10859375 0.563231850117096 0.026562500000000003 0.09601873536299765
1 0.26875 0.5292740046838408 0.015625 0.046838407494145196
1 0.49375 0.5784543325526932 0.06875 0.1358313817330211
1 0.54296875 0.5562060889929742 0.0703125 0.11475409836065574
1 0.3203125 0.607728337236534 0.07187500000000001 0.12412177985948478
1 0.4078125 0.5538641686182669 0.05625 0.11007025761124122
1 0.15625 0.5807962529274004 0.05625 0.10304449648711944
1 0.30234375 0.477751756440281 0.035937500000000004 0.046838407494145196
