1 0.7898437500000001 0.3597222222222222 0.0859375 0.23055555555555557
1 0.496875 0.33333333333333337 0.309375 0.6555555555555556
1 0.15703125 0.49444444444444446 0.3140625 0.9777777777777779
1 0.6664062500000001 0.3472222222222222 0.09531250000000001 0.37777777777777777
1 0.8390625 0.35555555555555557 0.028125 0.15555555555555556
1 0.8695312500000001 0.3625 0.0578125 0.13055555555555556
1 0.9 0.3763888888888889 0.034375 0.09166666666666667
1 0.7289062500000001 0.35000000000000003 0.11406250000000001 0.2888888888888889
1 0.9546875 0.3611111111111111 0.040625 0.10555555555555556
1 0.91796875 0.3680555555555556 0.0390625 0.10277777777777779
