0 0.3671875 0.7515274949083502 0.265625 0.41140529531568226
0 0.5453125 0.6547861507128309 0.19062500000000002 0.38900203665987776
0 0.8125 0.38187372708757633 0.07500000000000001 0.18126272912423624
0 0.85703125 0.3564154786150712 0.051562500000000004 0.13849287169042768
0 0.71796875 0.49796334012219956 0.08281250000000001 0.23828920570264764
0 0.7390625000000001 0.4287169042769857 0.084375 0.20977596741344193
0 0.9359375000000001 0.2576374745417515 0.043750000000000004 0.06720977596741344
0 0.77109375 0.3788187372708757 0.0859375 0.19144602851323828
0 0.64453125 0.5162932790224032 0.1484375 0.3116089613034623
0 0.875 0.29837067209775964 0.053125000000000006 0.10794297352342158
