0 0.517 0.9264264264264264 0.258 0.11711711711711711
0 0.1 0.7642642642642643 0.196 0.2852852852852853
0 0.886 0.8723723723723724 0.18 0.22522522522522523
0 0.879 0.7432432432432432 0.178 0.2972972972972973
0 0.848 0.6621621621621622 0.116 0.15915915915915915
0 0.798 0.6321321321321322 0.152 0.21921921921921922
0 0.55 0.6486486486486487 0.12 0.1921921921921922
0 0.274 0.7447447447447447 0.164 0.21021021021021022
0 0.43 0.6561561561561562 0.064 0.1831831831831832
0 0.312 0.575075075075075 0.056 0.12312312312312312
0 0.17200000000000001 0.7312312312312312 0.088 0.2012012012012012
0 0.341 0.5615615615615616 0.066 0.09009009009009009
