0 0.4458333333333333 0.5453125 0.15416666666666667 0.096875
0 0.3989583333333333 0.565625 0.15625 0.09062500000000001
0 0.37604166666666666 0.634375 0.14791666666666667 0.07187500000000001
0 0.26145833333333335 0.7585937500000001 0.17291666666666666 0.0734375
0 0.5927083333333333 0.328125 0.15208333333333332 0.08125
0 0.5520833333333334 0.4375 0.14166666666666666 0.053125000000000006
0 0.45416666666666666 0.48984375 0.14166666666666666 0.0859375
0 0.36354166666666665 0.5859375 0.16458333333333333 0.084375
0 0.2635416666666667 0.7140625 0.15208333333333332 0.08125
0 0.18333333333333332 0.8375 0.17916666666666667 0.09062500000000001
0 0.13541666666666666 0.859375 0.15416666666666667 0.09375
0 0.10625 0.9476562500000001 0.19166666666666665 0.1046875
0 0.48854166666666665 0.46015625000000004 0.12291666666666666 0.0890625
0 0.278125 0.6890625 0.16041666666666665 0.10312500000000001
0 0.5229166666666667 0.6234375000000001 0.8541666666666666 0.6687500000000001
