1 0.35234375 0.4637883008356546 0.1078125 0.16434540389972144
1 0.8695312500000001 0.42896935933147634 0.0421875 0.10027855153203342
1 0.8296875 0.43175487465181056 0.059375000000000004 0.10584958217270195
1 0.790625 0.43175487465181056 0.037500000000000006 0.11142061281337047
1 0.75 0.43454038997214484 0.05625 0.11142061281337047
1 0.41015625 0.4582172701949861 0.06406250000000001 0.1532033426183844
1 0.6218750000000001 0.47214484679665736 0.028125 0.04735376044568245
1 0.58125 0.45125348189415043 0.05 0.10584958217270195
1 0.53671875 0.4415041782729805 0.0421875 0.12534818941504178
1 0.0765625 0.49025069637883006 0.153125 0.21727019498607242
1 0.43671875000000004 0.4568245125348189 0.0546875 0.14484679665738162
1 0.28125 0.47214484679665736 0.040625 0.17548746518105848
1 0.46015625000000004 0.4554317548746518 0.051562500000000004 0.12534818941504178
1 0.790625 0.42479108635097496 0.265625 0.11977715877437325
