0 0.48281250000000003 0.696058091286307 0.040625 0.1016597510373444
0 0.06640625 0.6742738589211619 0.045312500000000006 0.17012448132780084
0 0.58203125 0.7935684647302904 0.1546875 0.3091286307053942
0 0.84375 0.6991701244813278 0.043750000000000004 0.12863070539419086
0 0.17421875 0.5975103734439834 0.035937500000000004 0.07468879668049792
0 0.8812500000000001 0.7012448132780082 0.09375 0.2033195020746888
0 0.70078125 0.8983402489626556 0.045312500000000006 0.17012448132780084
0 0.10859375 0.5850622406639004 0.026562500000000003 0.0954356846473029
0 0.82421875 0.8205394190871369 0.0703125 0.0975103734439834
0 0.503125 0.6535269709543569 0.03125 0.14937759336099585
0 0.5242187500000001 0.6244813278008299 0.0234375 0.06639004149377593
0 0.66796875 0.6514522821576764 0.029687500000000002 0.04564315352697095
0 0.1765625 0.6006224066390041 0.009375000000000001 0.026970954356846474
