1 0.16796875 0.5541666666666667 0.2109375 0.26666666666666666
1 0.28984375 0.5260416666666666 0.09843750000000001 0.21041666666666667
1 0.34453125 0.49583333333333335 0.11093750000000001 0.17083333333333334
1 0.8125 0.5770833333333333 0.27187500000000003 0.3625
1 0.6468750000000001 0.5010416666666666 0.146875 0.16041666666666665
1 0.08203125 0.6770833333333334 0.15781250000000002 0.3958333333333333
1 0.56875 0.42291666666666666 0.065625 0.0625
1 0.3875 0.465625 0.065625 0.13125
1 0.4109375 0.44895833333333335 0.046875 0.09791666666666667
1 0.44609375 0.4270833333333333 0.0421875 0.0625
1 0.61328125 0.453125 0.1234375 0.12291666666666666
1 0.4265625 0.4395833333333333 0.046875 0.06666666666666667
1 0.45546875000000003 0.41875 0.026562500000000003 0.04583333333333333
1 0.31953125000000004 0.42083333333333334 0.4859375 0.075
