0 0.5625 0.7037470725995316 0.1125 0.38173302107728335
0 0.37578125 0.7400468384074942 0.1328125 0.48243559718969553
0 0.08125 0.6744730679156908 0.1625 0.40749414519906324
0 0.25078125 0.6522248243559718 0.07968750000000001 0.2505854800936768
0 0.4765625 0.6686182669789227 0.07187500000000001 0.1990632318501171
0 0.8656250000000001 0.5163934426229508 0.05625 0.16159250585480095
0 0.4234375 0.6030444964871194 0.015625 0.13348946135831383
0 0.74921875 0.5866510538641686 0.06406250000000001 0.13817330210772832
0 0.7203125 0.5210772833723654 0.021875000000000002 0.11007025761124122
0 0.64609375 0.6592505854800936 0.0390625 0.2224824355971897
0 0.29453125 0.680327868852459 0.060937500000000006 0.3770491803278688
0 0.20390625 0.6405152224824356 0.026562500000000003 0.19437939110070257
