1 0.89609375 0.7822916666666666 0.1265625 0.16875
1 0.76875 0.7635416666666667 0.11875000000000001 0.13541666666666666
1 0.6625000000000001 0.7354166666666666 0.10625000000000001 0.17083333333333334
1 0.55703125 0.7479166666666667 0.11406250000000001 0.12083333333333333
1 0.4765625 0.7354166666666666 0.084375 0.1125
1 0.39140625 0.7260416666666667 0.1078125 0.10625
1 0.32578125 0.7197916666666666 0.08281250000000001 0.09791666666666667
1 0.3046875 0.6947916666666667 0.109375 0.10625
1 0.07187500000000001 0.6708333333333333 0.07500000000000001 0.08333333333333333
1 0.25078125 0.6864583333333333 0.051562500000000004 0.11041666666666666
1 0.10859375 0.684375 0.045312500000000006 0.06458333333333333
1 0.12265625000000001 0.696875 0.026562500000000003 0.052083333333333336
