1 0.7494117647058823 0.5015625 0.0776470588235294 0.10312500000000001
1 0.42470588235294116 0.41015625 0.09176470588235293 0.0921875
1 0.3188235294117647 0.50703125 0.06823529411764705 0.09531250000000001
1 0.5552941176470588 0.16875 0.06117647058823529 0.053125000000000006
1 0.039999999999999994 0.18984375 0.06117647058823529 0.0671875
1 0.3117647058823529 0.20546875 0.11058823529411764 0.0671875
1 0.4917647058823529 0.12421875 0.051764705882352935 0.0484375
1 0.5294117647058824 0.07109375 0.03294117647058823 0.035937500000000004
1 0.39764705882352935 0.14921875 0.06117647058823529 0.051562500000000004
1 0.5058823529411764 0.05 0.03294117647058823 0.034375
1 0.5105882352941176 0.025 0.028235294117647056 0.0125
1 0.3905882352941176 0.0859375 0.042352941176470586 0.037500000000000006
1 0.44352941176470584 0.03671875 0.030588235294117645 0.029687500000000002
