0 0.7132812500000001 0.8989583333333333 0.2078125 0.19791666666666666
0 0.5015625 0.9104166666666667 0.23125 0.17916666666666667
0 0.2390625 0.9145833333333333 0.340625 0.17083333333333334
0 0.9242187500000001 0.9104166666666667 0.15156250000000002 0.17916666666666667
0 0.7421875 0.6895833333333333 0.20625000000000002 0.04583333333333333
0 0.484375 0.6854166666666667 0.0125 0.04583333333333333
0 0.8070312500000001 0.6833333333333333 0.0765625 0.058333333333333334
0 0.8523437500000001 0.6604166666666667 0.0234375 0.03333333333333333
0 0.6820312500000001 0.6864583333333333 0.0234375 0.03125
0 0.878125 0.6520833333333333 0.03125 0.05
0 0.91171875 0.6614583333333334 0.0203125 0.027083333333333334
0 0.7015625000000001 0.6833333333333333 0.018750000000000003 0.03333333333333333
0 0.92734375 0.6604166666666667 0.0171875 0.025
0 0.29140625000000003 0.953125 0.0890625 0.08541666666666667
