0 0.26 0.6201780415430267 0.1 0.35014836795252224
0 0.325 0.6409495548961425 0.014 0.16023738872403562
0 0.468 0.5830860534124629 0.088 0.25816023738872407
1 0.657 0.543026706231454 0.09 0.24332344213649854
1 0.5700000000000001 0.526706231454006 0.052000000000000005 0.16913946587537093
0 0.34400000000000003 0.599406528189911 0.084 0.26112759643916916
0 0.764 0.5949554896142434 0.136 0.34718100890207715
0 0.891 0.4050445103857567 0.014 0.032640949554896145
1 0.531 0.4970326409495549 0.058 0.1394658753709199
1 0.599 0.48961424332344217 0.018000000000000002 0.142433234421365
1 0.615 0.42433234421364985 0.022 0.04747774480712166
