0 0.16875 0.7011764705882352 0.09375 0.24470588235294116
0 0.5632812500000001 0.7423529411764705 0.051562500000000004 0.1952941176470588
1 0.35703125 0.8211764705882352 0.1328125 0.32941176470588235
1 0.47578125000000004 0.7976470588235294 0.08281250000000001 0.2588235294117647
1 0.8203125 0.8376470588235293 0.19062500000000002 0.2917647058823529
1 0.0421875 0.7258823529411764 0.084375 0.2564705882352941
1 0.11328125 0.6435294117647058 0.0671875 0.16705882352941176
1 0.2609375 0.7552941176470588 0.05 0.17411764705882352
1 0.6984375 0.5505882352941176 0.043750000000000004 0.07058823529411765
1 0.5109375 0.6847058823529412 0.03125 0.14588235294117646
