0 0.6117187500000001 0.914519906323185 0.3671875 0.17096018735362997
0 0.48203125 0.8348946135831382 0.1921875 0.20843091334894615
0 0.3296875 0.8875878220140515 0.22187500000000002 0.18735362997658078
0 0.21015625000000002 0.8571428571428571 0.15781250000000002 0.2810304449648712
0 0.10234375000000001 0.8583138173302107 0.0671875 0.1522248243559719
0 0.11093750000000001 0.7857142857142857 0.184375 0.22716627634660422
0 0.59140625 0.8313817330210773 0.1265625 0.10772833723653395
0 0.05 0.7482435597189696 0.08125 0.13817330210772832
0 0.84765625 0.9320843091334895 0.09843750000000001 0.10772833723653395
0 0.1328125 0.6791569086651054 0.05625 0.05620608899297424
0 0.89609375 0.9578454332552693 0.07968750000000001 0.05152224824355972
0 0.31171875000000004 0.8243559718969555 0.1203125 0.13114754098360656
0 0.1953125 0.8559718969555035 0.178125 0.2786885245901639
0 0.421875 0.7002341920374707 0.84375 0.594847775175644
