0 0.86484375 0.5791666666666666 0.2671875 0.12916666666666665
0 0.88984375 0.5125 0.1265625 0.04583333333333333
0 0.88203125 0.45625 0.06406250000000001 0.05
0 0.7718750000000001 0.39479166666666665 0.018750000000000003 0.027083333333333334
0 0.796875 0.4354166666666667 0.040625 0.05416666666666667
0 0.83125 0.38229166666666664 0.034375 0.014583333333333334
0 0.73046875 0.778125 0.5078125 0.44375
0 0.8250000000000001 0.7614583333333333 0.35000000000000003 0.2604166666666667
0 0.7609375 0.565625 0.034375 0.01875
0 0.7640625000000001 0.5302083333333333 0.11875000000000001 0.12291666666666666
0 0.8 0.4239583333333333 0.06875 0.052083333333333336
0 0.51328125 0.5125 0.9703125 0.37083333333333335
