0 0.44140625 0.371875 0.42031250000000003 0.3229166666666667
0 0.21484375 0.228125 0.31093750000000003 0.3520833333333333
1 0.5007812500000001 0.4770833333333333 0.7265625 0.7875
0 0.055468750000000004 0.20104166666666667 0.1078125 0.18958333333333333
0 0.15234375 0.071875 0.1171875 0.09375
0 0.055468750000000004 0.01875 0.029687500000000002 0.0375
0 0.8875000000000001 0.7520833333333333 0.21875 0.46249999999999997
0 0.15703125 0.18958333333333333 0.2390625 0.2916666666666667
0 0.30546875 0.2635416666666667 0.3453125 0.39791666666666664
0 0.115625 0.2375 0.11875000000000001 0.14166666666666666
0 0.11640625 0.13958333333333334 0.1046875 0.0875
0 0.115625 0.1125 0.109375 0.0625
0 0.340625 0.29791666666666666 0.33125000000000004 0.3125
0 0.50625 0.50625 0.721875 0.8541666666666666
