0 0.384375 0.790625 0.690625 0.39375
0 0.8296875 0.715625 0.340625 0.46041666666666664
0 0.21015625000000002 0.778125 0.42031250000000003 0.4270833333333333
0 0.86640625 0.5625 0.2671875 0.3416666666666667
0 0.9734375000000001 0.2583333333333333 0.037500000000000006 0.05
0 0.77890625 0.7489583333333333 0.1953125 0.36041666666666666
0 0.9078125 0.46979166666666666 0.184375 0.18125
0 0.45 0.378125 0.1 0.12708333333333333
0 0.9875 0.265625 0.025 0.05625
0 0.7453125 0.32708333333333334 0.059375000000000004 0.08333333333333333
0 0.853125 0.26145833333333335 0.040625 0.035416666666666666
0 0.8929687500000001 0.41875 0.16718750000000002 0.08333333333333333
0 0.309375 0.5489583333333333 0.18125000000000002 0.16458333333333333
