1 0.356 0.6881868131868133 0.66 0.6236263736263736
1 0.8170000000000001 0.31730769230769235 0.066 0.13461538461538464
1 0.063 0.38873626373626374 0.122 0.1401098901098901
1 0.51 0.2980769230769231 0.076 0.057692307692307696
1 0.362 0.3186813186813187 0.12 0.09890109890109891
1 0.125 0.3708791208791209 0.114 0.15934065934065936
1 0.258 0.34478021978021983 0.152 0.11813186813186814
1 0.835 0.30219780219780223 0.042 0.09890109890109891
1 0.024 0.42994505494505497 0.048 0.15109890109890112
1 0.806 0.4120879120879121 0.048 0.1208791208791209
1 0.849 0.2967032967032967 0.038 0.07692307692307693
1 0.41400000000000003 0.32142857142857145 0.052000000000000005 0.07692307692307693
1 0.763 0.42719780219780223 0.11800000000000001 0.24450549450549453
1 0.668 0.4560439560439561 0.212 0.3516483516483517
