0 0.46015625000000004 0.5971896955503513 0.08281250000000001 0.26229508196721313
1 0.15625 0.5983606557377049 0.3125 0.7798594847775175
1 0.878125 0.4812646370023419 0.09062500000000001 0.16627634660421545
1 0.6257812500000001 0.45784543325526933 0.060937500000000006 0.1053864168618267
1 0.55859375 0.4566744730679157 0.0421875 0.08899297423887588
1 0.53671875 0.4519906323185012 0.0421875 0.08430913348946135
1 0.80390625 0.47306791569086654 0.0734375 0.14988290398126464
1 0.696875 0.4672131147540984 0.065625 0.12412177985948478
1 0.6171875 0.45550351288056207 0.059375000000000004 0.08665105386416862
1 0.58828125 0.4566744730679157 0.0484375 0.09367681498829039
1 0.6625000000000001 0.4601873536299766 0.05625 0.11943793911007025
1 0.6734375 0.47306791569086654 0.037500000000000006 0.09836065573770492
1 0.83203125 0.5070257611241218 0.0546875 0.09601873536299765
1 0.4140625 0.4531615925058548 0.0125 0.0351288056206089
1 0.58515625 0.4637002341920375 0.42031250000000003 0.1405152224824356
