0 0.5224550898203593 0.705 0.9550898203592815 0.562
0 0.4191616766467066 0.928 0.8323353293413174 0.116
0 0.17664670658682635 0.79 0.3532934131736527 0.17200000000000001
1 0.34880239520958084 0.221 0.6976047904191617 0.19
1 0.45209580838323354 0.501 0.9041916167664671 0.122
1 0.33083832335329344 0.426 0.6497005988023953 0.148
1 0.33083832335329344 0.366 0.655688622754491 0.128
1 0.5149700598802396 0.547 0.8802395209580839 0.13
1 0.3982035928143713 0.222 0.6227544910179641 0.088
1 0.35179640718562877 0.28 0.6916167664670659 0.132
1 0.4640718562874252 0.718 0.6047904191616766 0.252
1 0.4131736526946108 0.137 0.28742514970059885 0.042
1 0.35029940119760483 0.178 0.5568862275449102 0.124
1 0.3922155688622755 0.162 0.38922155688622756 0.06
1 0.3607784431137725 0.171 0.4640718562874252 0.09
1 0.49850299401197606 0.47900000000000004 0.9970059880239521 0.9580000000000001
