1 0.6234375000000001 0.7252358490566038 0.30000000000000004 0.37971698113207547
1 0.46484375 0.7464622641509434 0.2390625 0.285377358490566
1 0.35234375 0.7205188679245282 0.2265625 0.2900943396226415
1 0.290625 0.6804245283018868 0.20625000000000002 0.31839622641509435
1 0.22187500000000002 0.660377358490566 0.23750000000000002 0.28773584905660377
1 0.1203125 0.6992924528301887 0.059375000000000004 0.16745283018867924
1 0.15781250000000002 0.6462264150943396 0.18125000000000002 0.20754716981132074
1 0.06406250000000001 0.6757075471698113 0.034375 0.125
1 0.09062500000000001 0.6320754716981132 0.15625 0.18867924528301885
1 0.17890625000000002 0.5790094339622641 0.0734375 0.11556603773584906
