0 0.33671875 0.8489461358313818 0.0484375 0.14285714285714285
0 0.64375 0.8360655737704918 0.05 0.15456674473067916
0 0.978125 0.8372365339578455 0.043750000000000004 0.1053864168618267
1 0.15937500000000002 0.8583138173302107 0.15000000000000002 0.16159250585480095
1 0.6039062500000001 0.8360655737704918 0.0421875 0.08899297423887588
0 0.56796875 0.8512880562060889 0.045312500000000006 0.11943793911007025
0 0.5265625 0.8442622950819673 0.05 0.13348946135831383
0 0.696875 0.8407494145199064 0.06875 0.1358313817330211
0 0.81640625 0.8266978922716628 0.0546875 0.1405152224824356
0 0.88828125 0.8384074941451991 0.0890625 0.13114754098360656
1 0.9281250000000001 0.8138173302107728 0.0625 0.17096018735362997
