1 0.20390625 0.6677083333333333 0.2734375 0.29791666666666666
1 0.38515625000000003 0.79375 0.2484375 0.3833333333333333
1 0.42890625000000004 0.6760416666666667 0.2703125 0.18958333333333333
1 0.38828125 0.5322916666666666 0.0921875 0.11875
1 0.92578125 0.48541666666666666 0.1484375 0.19583333333333333
1 0.9750000000000001 0.5302083333333333 0.05 0.15625
1 0.74609375 0.45416666666666666 0.13593750000000002 0.15833333333333333
1 0.1390625 0.571875 0.15000000000000002 0.27708333333333335
1 0.62109375 0.41354166666666664 0.1421875 0.16875
1 0.584375 0.8145833333333333 0.33125000000000004 0.35
1 0.7484375000000001 0.8552083333333333 0.503125 0.2895833333333333
1 0.58828125 0.359375 0.051562500000000004 0.06458333333333333
1 0.8656250000000001 0.4552083333333333 0.153125 0.22291666666666665
1 0.48671875000000003 0.6541666666666667 0.9703125 0.6875
