1 0.19293478260869565 0.862 0.3858695652173913 0.156
1 0.0733695652173913 0.906 0.1467391304347826 0.128
1 0.4633152173913043 0.847 0.22554347826086957 0.166
1 0.6032608695652174 0.855 0.1467391304347826 0.114
1 0.8505434782608695 0.866 0.11956521739130435 0.10400000000000001
1 0.6616847826086957 0.321 0.14402173913043478 0.126
1 0.28125 0.338 0.15489130434782608 0.14
1 0.08152173913043478 0.371 0.125 0.11800000000000001
1 0.827445652173913 0.33 0.051630434782608696 0.116
1 0.42527173913043476 0.32 0.22010869565217392 0.168
