0 0.8375 0.5177083333333333 0.021875000000000002 0.12291666666666666
0 0.34765625 0.51875 0.045312500000000006 0.10416666666666667
0 0.17890625000000002 0.5354166666666667 0.0328125 0.06666666666666667
1 0.7093750000000001 0.5666666666666667 0.225 0.17083333333333334
1 0.29921875000000003 0.5125 0.0703125 0.14583333333333334
1 0.22187500000000002 0.5125 0.096875 0.12916666666666665
1 0.9078125 0.540625 0.08750000000000001 0.18125
0 0.90546875 0.55 0.0859375 0.1625
1 0.6890625 0.490625 0.11875000000000001 0.06458333333333333
1 0.35703125 0.5260416666666666 0.029687500000000002 0.09791666666666667
