1 0.434 0.634020618556701 0.188 0.44329896907216493
1 0.201 0.627147766323024 0.17 0.3539518900343643
1 0.082 0.5790378006872852 0.164 0.415807560137457
1 0.9410000000000001 0.6735395189003436 0.11800000000000001 0.5154639175257731
1 0.78 0.640893470790378 0.164 0.49140893470790376
1 0.312 0.5962199312714777 0.20400000000000001 0.4570446735395189
1 0.548 0.5601374570446735 0.112 0.29553264604810997
1 0.892 0.520618556701031 0.124 0.23024054982817868
1 0.8310000000000001 0.506872852233677 0.058 0.27147766323024053
1 0.41000000000000003 0.4725085910652921 0.084 0.15463917525773196
1 0.219 0.4054982817869416 0.122 0.13058419243986255
1 0.294 0.48281786941580757 0.076 0.14776632302405499
