1 0.1609375 0.8969555035128806 0.16562500000000002 0.17798594847775176
0 0.3125 0.7833723653395784 0.21875 0.27400468384074944
0 0.97421875 0.6768149882903981 0.051562500000000004 0.1405152224824356
0 0.31015625 0.6557377049180327 0.17343750000000002 0.11241217798594848
0 0.39687500000000003 0.6662763466042154 0.096875 0.06791569086651054
0 0.17578125 0.7927400468384075 0.2921875 0.2786885245901639
0 0.42421875000000003 0.8173302107728337 0.0921875 0.20140515222482436
0 0.978125 0.6955503512880562 0.043750000000000004 0.12177985948477751
0 0.9265625000000001 0.6569086651053864 0.10625000000000001 0.16627634660421545
0 0.6414062500000001 0.5714285714285714 0.0578125 0.0702576112412178
0 0.80234375 0.5831381733021077 0.0578125 0.06557377049180328
0 0.36250000000000004 0.5585480093676815 0.037500000000000006 0.02107728337236534
0 0.32734375000000004 0.5796252927400468 0.06406250000000001 0.0585480093676815
0 0.81796875 0.6042154566744731 0.0734375 0.09367681498829039
