1 0.7781250000000001 0.6770833333333334 0.16562500000000002 0.3208333333333333
1 0.56875 0.5729166666666666 0.08750000000000001 0.17083333333333334
1 0.659375 0.609375 0.096875 0.16875
1 0.6273437500000001 0.45416666666666666 0.0203125 0.03333333333333333
1 0.384375 0.5864583333333333 0.065625 0.13125
1 0.32265625000000003 0.55 0.051562500000000004 0.14166666666666666
1 0.28203125 0.5666666666666667 0.0421875 0.09583333333333333
1 0.246875 0.565625 0.037500000000000006 0.08958333333333333
1 0.13593750000000002 0.6145833333333334 0.10625000000000001 0.1875
1 0.4578125 0.5927083333333333 0.1 0.19791666666666666
1 0.49921875000000004 0.56875 0.060937500000000006 0.125
1 0.35625 0.56875 0.03125 0.14166666666666666
