0 0.0734375 0.56875 0.059375000000000004 0.12916666666666665
0 0.415625 0.70625 0.31875000000000003 0.2583333333333333
1 0.21406250000000002 0.5739583333333333 0.07187500000000001 0.14375
1 0.7250000000000001 0.625 0.20625000000000002 0.17083333333333334
1 0.90625 0.6 0.1875 0.19583333333333333
1 0.125 0.5135416666666667 0.025 0.08958333333333333
1 0.178125 0.51875 0.028125 0.1125
1 0.83359375 0.42916666666666664 0.0703125 0.07083333333333333
1 0.25390625 0.47812499999999997 0.026562500000000003 0.03125
1 0.034375 0.6197916666666666 0.06875 0.3104166666666667
