1 0.662 0.8833922261484098 0.164 0.20494699646643108
1 0.13 0.8356890459363957 0.20800000000000002 0.29328621908127206
1 0.327 0.6378091872791519 0.034 0.10247349823321554
1 0.551 0.6360424028268551 0.022 0.08480565371024734
1 0.47400000000000003 0.6342756183745583 0.028 0.0812720848056537
1 0.518 0.5954063604240283 0.02 0.06007067137809187
1 0.029 0.7561837455830389 0.058 0.2614840989399293
1 0.504 0.5653710247349824 0.012 0.04240282685512367
1 0.193 0.5229681978798586 0.01 0.021201413427561835
1 0.446 0.5459363957597173 0.008 0.038869257950530034
