0 0.87 0.6866666666666666 0.176 0.23199999999999998
0 0.8310000000000001 0.8733333333333333 0.066 0.104
0 0.663 0.7133333333333333 0.246 0.14666666666666667
0 0.6980000000000001 0.8333333333333333 0.22 0.21066666666666667
0 0.628 0.648 0.184 0.10666666666666666
0 0.845 0.84 0.10200000000000001 0.17066666666666666
0 0.874 0.8013333333333333 0.07200000000000001 0.12
0 0.628 0.7706666666666666 0.14400000000000002 0.16
0 0.602 0.6613333333333333 0.088 0.042666666666666665
0 0.074 0.756 0.07200000000000001 0.13599999999999998
0 0.734 0.6013333333333333 0.08 0.04533333333333333
