1 0.48359375000000004 0.45416666666666666 0.8734375000000001 0.5625
1 0.18828125 0.14479166666666665 0.1328125 0.27291666666666664
1 0.0484375 0.14895833333333333 0.096875 0.27708333333333335
1 0.70859375 0.17604166666666665 0.2578125 0.30625
1 0.45 0.153125 0.265625 0.27291666666666664
1 0.9015625 0.18333333333333332 0.19375 0.25416666666666665
1 0.6265625 0.058333333333333334 0.06875 0.11666666666666667
1 0.5398437500000001 0.05 0.0703125 0.1
1 0.04296875 0.5 0.0859375 0.26666666666666666
1 0.7203125 0.06041666666666667 0.06875 0.12083333333333333
1 0.815625 0.03854166666666667 0.046875 0.06458333333333333
1 0.92109375 0.06979166666666667 0.1546875 0.09791666666666667
