1 0.7900232018561485 0.7718750000000001 0.09048723897911833 0.109375
1 0.4930394431554524 0.9085937500000001 0.11832946635730858 0.09531250000000001
1 0.48839907192575405 0.74140625 0.09048723897911833 0.0890625
1 0.42691415313225056 0.7000000000000001 0.07888631090487239 0.07187500000000001
1 0.7262180974477958 0.6000000000000001 0.06496519721577726 0.0625
1 0.32946635730858465 0.9125000000000001 0.11600928074245939 0.146875
1 0.4744779582366589 0.4390625 0.04408352668213457 0.028125
1 0.5464037122969837 0.9437500000000001 0.10904872389791183 0.084375
1 0.38515081206496515 0.8187500000000001 0.09280742459396751 0.10312500000000001
1 0.8294663573085846 0.6265625 0.06728538283062645 0.07500000000000001
1 0.37703016241299303 0.66953125 0.06728538283062645 0.0703125
1 0.339907192575406 0.6296875000000001 0.058004640371229696 0.065625
1 0.44779582366589327 0.6000000000000001 0.07424593967517401 0.07187500000000001
1 0.48027842227378187 0.6843750000000001 0.40835266821345706 0.26875
