1 0.63125 0.7921875 0.1375 0.321875
1 0.42604166666666665 0.81015625 0.22291666666666665 0.3015625
1 0.24791666666666667 0.80859375 0.22916666666666666 0.2578125
1 0.8739583333333333 0.80390625 0.24791666666666667 0.3140625
1 0.13854166666666667 0.71484375 0.13958333333333334 0.1421875
1 0.5416666666666666 0.6898437500000001 0.07083333333333333 0.21406250000000002
1 0.7020833333333333 0.65234375 0.041666666666666664 0.09843750000000001
1 0.26458333333333334 0.6585937500000001 0.14583333333333334 0.11093750000000001
1 0.653125 0.66015625 0.08958333333333333 0.0859375
1 0.9604166666666667 0.6976562500000001 0.075 0.1234375
1 0.37916666666666665 0.5796875 0.025 0.018750000000000003
1 0.2552083333333333 0.596875 0.03125 0.043750000000000004
1 0.051041666666666666 0.78125 0.10208333333333333 0.24375000000000002
1 0.5 0.6687500000000001 0.9958333333333333 0.24375000000000002
