0 0.546875 0.6572916666666666 0.140625 0.40625
0 0.37812500000000004 0.65 0.153125 0.4458333333333333
0 0.2984375 0.6395833333333333 0.146875 0.45416666666666666
0 0.23671875 0.6208333333333333 0.1546875 0.5041666666666667
0 0.7429687500000001 0.6489583333333333 0.1015625 0.33541666666666664
0 0.46640625 0.6635416666666667 0.1265625 0.40208333333333335
0 0.82578125 0.615625 0.1484375 0.39375
0 0.67890625 0.6427083333333333 0.15781250000000002 0.38958333333333334
0 0.95234375 0.8447916666666666 0.09531250000000001 0.3104166666666667
0 0.925 0.61875 0.15000000000000002 0.3458333333333333
0 0.06015625 0.7833333333333333 0.1203125 0.2791666666666667
0 0.8875000000000001 0.5520833333333334 0.06875 0.15833333333333333
