1 0.30234375 0.7941176470588235 0.1265625 0.38352941176470584
1 0.19609375 0.7776470588235294 0.1390625 0.43999999999999995
1 0.48359375000000004 0.8211764705882352 0.1171875 0.3576470588235294
1 0.39921875 0.8152941176470587 0.1171875 0.36
1 0.659375 0.7894117647058823 0.125 0.39764705882352935
1 0.58125 0.8247058823529411 0.096875 0.27999999999999997
1 0.8546875 0.8211764705882352 0.1375 0.3576470588235294
1 0.046875 0.7729411764705881 0.09375 0.38352941176470584
1 0.10312500000000001 0.8094117647058823 0.08125 0.34823529411764703
1 0.7640625000000001 0.8411764705882352 0.096875 0.28470588235294114
1 0.94296875 0.7788235294117647 0.11406250000000001 0.3811764705882353
