0 0.31484375000000003 0.5101214574898786 0.6109375 0.757085020242915
1 0.6109375 0.24392712550607287 0.23750000000000002 0.34615384615384615
1 0.7453125 0.11538461538461539 0.1375 0.1902834008097166
1 0.3765625 0.14676113360323886 0.284375 0.22874493927125505
1 0.2390625 0.145748987854251 0.25625000000000003 0.27125506072874495
1 0.5867187500000001 0.07793522267206478 0.1453125 0.12348178137651822
1 0.45546875000000003 0.06477732793522267 0.1859375 0.12550607287449392
1 0.9 0.1548582995951417 0.171875 0.2408906882591093
0 0.6000000000000001 0.1062753036437247 0.084375 0.09109311740890688
0 0.19687500000000002 0.027327935222672066 0.084375 0.05465587044534413
1 0.37578125 0.03441295546558704 0.1296875 0.06882591093117409
1 0.44296875 0.019230769230769232 0.1078125 0.038461538461538464
1 0.284375 0.039473684210526314 0.12812500000000002 0.07894736842105263
