0 0.45234375000000004 0.8255528255528255 0.2171875 0.2113022113022113
0 0.8875000000000001 0.8316953316953317 0.037500000000000006 0.10073710073710074
0 0.7054687500000001 0.5651105651105651 0.060937500000000006 0.2113022113022113
0 0.8484375000000001 0.5565110565110565 0.065625 0.20884520884520885
0 0.7640625000000001 0.5638820638820639 0.07500000000000001 0.20884520884520885
0 0.9031250000000001 0.5601965601965602 0.078125 0.20638820638820637
0 0.9656250000000001 0.5565110565110565 0.06875 0.21867321867321868
0 0.8921875 0.7604422604422604 0.053125000000000006 0.18918918918918917
0 0.7609375 0.8341523341523341 0.037500000000000006 0.10565110565110565
0 0.8359375 0.8329238329238329 0.043750000000000004 0.1081081081081081
0 0.94140625 0.8132678132678133 0.060937500000000006 0.12776412776412777
0 0.49453125000000003 0.6191646191646192 0.9890625000000001 0.5257985257985258
