1 0.5671875000000001 0.7806603773584906 0.275 0.23113207547169812
1 0.44062500000000004 0.7558962264150944 0.059375000000000004 0.14858490566037735
1 0.40078125000000003 0.7311320754716981 0.1390625 0.16981132075471697
1 0.7671875 0.6745283018867925 0.08750000000000001 0.05660377358490566
1 0.18281250000000002 0.8337264150943396 0.36562500000000003 0.3089622641509434
1 0.96484375 0.6591981132075472 0.0546875 0.07783018867924528
1 0.7125 0.6462264150943396 0.08750000000000001 0.0990566037735849
1 0.6937500000000001 0.6191037735849056 0.025 0.03537735849056604
1 0.3046875 0.6650943396226415 0.06875 0.1179245283018868
1 0.4265625 0.6037735849056604 0.03125 0.03773584905660377
1 0.8695312500000001 0.642688679245283 0.0484375 0.06839622641509434
1 0.6484375 0.6521226415094339 0.046875 0.0589622641509434
1 0.55234375 0.5672169811320754 0.0203125 0.04009433962264151
1 0.6578125 0.6037735849056604 0.675 0.18396226415094338
