1 0.387 0.9048257372654156 0.106 0.16890080428954424
1 0.9480000000000001 0.7533512064343164 0.08 0.096514745308311
0 0.507 0.8887399463806971 0.074 0.19034852546916892
0 0.635 0.7707774798927615 0.058 0.10455764075067024
0 0.718 0.8672922252010724 0.10400000000000001 0.1742627345844504
0 0.858 0.806970509383378 0.108 0.1447721179624665
0 0.595 0.8833780160857909 0.11 0.16890080428954424
0 0.803 0.7734584450402144 0.058 0.07238605898123325
0 0.178 0.6890080428954424 0.02 0.05361930294906166
0 0.782 0.8284182305630027 0.016 0.04289544235924933
0 0.148 0.7117962466487936 0.02 0.03485254691689008
