1 0.63203125 0.6492537313432836 0.1390625 0.4427860696517413
1 0.30859375 0.6417910447761194 0.1265625 0.3283582089552239
1 0.7351562500000001 0.582089552238806 0.0921875 0.3781094527363184
1 0.15078125 0.5248756218905473 0.0578125 0.23383084577114427
1 0.23203125000000002 0.572139303482587 0.07968750000000001 0.3383084577114428
1 0.40078125000000003 0.6766169154228856 0.0765625 0.4577114427860696
1 0.525 0.6592039800995024 0.1 0.4925373134328358
1 0.784375 0.5746268656716418 0.07500000000000001 0.22388059701492538
1 0.184375 0.572139303482587 0.07500000000000001 0.25870646766169153
1 0.8203125 0.5323383084577115 0.065625 0.23880597014925373
