0 0.14453125 0.8515815085158152 0.2234375 0.29683698296836986
0 0.14765625000000002 0.8199513381995134 0.2484375 0.26763990267639903
0 0.45546875000000003 0.7858880778588808 0.1046875 0.17031630170316303
0 0.23593750000000002 0.8126520681265207 0.09062500000000001 0.10705596107055962
0 0.2703125 0.7664233576642336 0.12187500000000001 0.15085158150851583
0 0.30703125000000003 0.7384428223844283 0.0578125 0.09489051094890512
0 0.22265625 0.6934306569343066 0.0234375 0.0340632603406326
0 0.26015625000000003 0.6885644768856448 0.0390625 0.029197080291970802
0 0.2109375 0.745742092457421 0.025 0.06569343065693431
0 0.15234375 0.6861313868613139 0.045312500000000006 0.029197080291970802
0 0.31093750000000003 0.708029197080292 0.19375 0.31143552311435524
