1 0.432 0.8587786259541985 0.536 0.25699745547073793
1 0.343 0.3027989821882952 0.14200000000000002 0.2137404580152672
1 0.312 0.6221374045801528 0.24 0.12468193384223919
1 0.651 0.6590330788804072 0.518 0.3155216284987278
1 0.722 0.41094147582697205 0.164 0.20101781170483463
1 0.855 0.851145038167939 0.29 0.26717557251908397
1 0.857 0.3994910941475827 0.17 0.30025445292620867
1 0.07 0.3791348600508906 0.14 0.34605597964376594
1 0.615 0.2430025445292621 0.154 0.09923664122137406
1 0.506 0.22391857506361323 0.06 0.14758269720101783
1 0.932 0.3575063613231552 0.136 0.2519083969465649
1 0.9450000000000001 0.29898218829516543 0.106 0.13994910941475827
