0 0.465 0.6586666666666666 0.618 0.608
0 0.057 0.42133333333333334 0.042 0.18666666666666665
0 0.101 0.3973333333333333 0.078 0.23466666666666666
0 0.15 0.4573333333333333 0.148 0.42933333333333334
0 0.63 0.416 0.12 0.3413333333333333
0 0.769 0.38266666666666665 0.138 0.13599999999999998
0 0.122 0.44 0.064 0.13866666666666666
0 0.388 0.328 0.06 0.08533333333333333
0 0.212 0.42133333333333334 0.056 0.16533333333333333
0 0.802 0.30666666666666664 0.092 0.11733333333333333
0 0.968 0.3413333333333333 0.04 0.23466666666666666
0 0.318 0.576 0.052000000000000005 0.09066666666666666
