0 0.62890625 0.75 0.026562500000000003 0.09259259259259259
0 0.16796875 0.7754629629629629 0.026562500000000003 0.13425925925925924
0 0.54296875 0.8287037037037036 0.0328125 0.21296296296296297
0 0.5109375 0.8032407407407407 0.034375 0.18055555555555555
0 0.21250000000000002 0.7893518518518519 0.037500000000000006 0.11574074074074073
0 0.51875 0.8564814814814814 0.015625 0.12962962962962962
0 0.3484375 0.724537037037037 0.053125000000000006 0.125
0 0.18828125 0.787037037037037 0.0234375 0.09259259259259259
0 0.146875 0.7638888888888888 0.021875000000000002 0.10185185185185185
0 0.48515625 0.8287037037037036 0.0171875 0.10185185185185185
0 0.46015625000000004 0.7824074074074073 0.0328125 0.10185185185185185
0 0.5671875000000001 0.8078703703703703 0.021875000000000002 0.16203703703703703
0 0.49062500000000003 0.7337962962962963 0.034375 0.10648148148148148
0 0.36875 0.6388888888888888 0.5593750000000001 0.34259259259259256
