1 0.74765625 0.8700440528634362 0.49531250000000004 0.21585903083700442
1 0.8070312500000001 0.6332599118942732 0.38593750000000004 0.394273127753304
1 0.64375 0.5440528634361234 0.353125 0.3215859030837005
1 0.6140625000000001 0.41850220264317184 0.23125 0.13656387665198239
1 0.46484375 0.28964757709251104 0.06406250000000001 0.09911894273127754
1 0.4109375 0.32268722466960353 0.046875 0.14317180616740088
1 0.89453125 0.37224669603524235 0.06406250000000001 0.048458149779735685
1 0.7757812500000001 0.3381057268722467 0.0921875 0.0814977973568282
1 0.6890625 0.3590308370044053 0.12187500000000001 0.11013215859030838
1 0.51015625 0.3193832599118943 0.0328125 0.09251101321585904
1 0.8625 0.40528634361233484 0.171875 0.15418502202643172
