1 0.27109375 0.7169421487603306 0.0859375 0.4090909090909091
1 0.828125 0.6198347107438017 0.125 0.4628099173553719
1 0.74140625 0.6735537190082644 0.1234375 0.3553719008264463
1 0.65546875 0.6776859504132231 0.09843750000000001 0.38016528925619836
1 0.47187500000000004 0.6363636363636364 0.096875 0.5123966942148761
1 0.38046875 0.7066115702479339 0.09531250000000001 0.4049586776859504
1 0.16171875000000002 0.6652892561983471 0.1234375 0.5702479338842975
1 0.0625 0.7334710743801653 0.09375 0.45867768595041325
1 0.57578125 0.6921487603305785 0.1078125 0.3925619834710744
1 0.9070312500000001 0.6033057851239669 0.1328125 0.4628099173553719
