0 0.455 0.7798165137614679 0.434 0.4036697247706422
0 0.742 0.599388379204893 0.116 0.28134556574923547
0 0.917 0.5397553516819572 0.082 0.22935779816513763
0 0.649 0.3746177370030581 0.046 0.07033639143730887
0 0.063 0.5611620795107034 0.126 0.3149847094801223
0 0.528 0.40825688073394495 0.032 0.11926605504587157
0 0.116 0.536697247706422 0.132 0.21712538226299694
0 0.458 0.3685015290519878 0.024 0.08256880733944955
0 0.551 0.37155963302752293 0.022 0.08868501529051988
0 0.254 0.753822629969419 0.196 0.3333333333333333
0 0.25 0.3776758409785933 0.036000000000000004 0.06422018348623854
0 0.969 0.47553516819571867 0.062 0.0764525993883792
0 0.628 0.7308868501529052 0.136 0.21406727828746178
0 0.452 0.6085626911314985 0.8240000000000001 0.617737003058104
