0 0.52890625 0.8313679245283019 0.0328125 0.09669811320754716
0 0.7078125000000001 0.9150943396226415 0.078125 0.1650943396226415
0 0.58828125 0.9198113207547169 0.060937500000000006 0.15566037735849056
0 0.39765625000000004 0.7971698113207547 0.029687500000000002 0.08490566037735849
0 0.7703125000000001 0.8431603773584906 0.05625 0.125
0 0.8375 0.9599056603773585 0.15000000000000002 0.05660377358490566
0 0.61328125 0.7629716981132075 0.0203125 0.06839622641509434
0 0.9703125 0.9492924528301886 0.059375000000000004 0.09669811320754716
0 0.47109375000000003 0.7948113207547169 0.0203125 0.08962264150943396
0 0.6468750000000001 0.7511792452830188 0.021875000000000002 0.05424528301886792
0 0.43515625 0.7370283018867925 0.1609375 0.09669811320754716
