1 0.3453125 0.6185286103542235 0.10312500000000001 0.332425068119891
1 0.171875 0.6294277929155313 0.16875 0.3869209809264305
1 0.08046875 0.6430517711171662 0.0921875 0.2888283378746594
1 0.6648437500000001 0.5899182561307902 0.0765625 0.24250681198910082
1 0.9015625 0.5708446866485013 0.053125000000000006 0.1880108991825613
1 0.8601562500000001 0.5722070844686649 0.051562500000000004 0.2125340599455041
1 0.8171875000000001 0.5803814713896458 0.08750000000000001 0.21798365122615804
1 0.57578125 0.600817438692098 0.1234375 0.28065395095367845
1 0.41640625000000003 0.5735694822888283 0.035937500000000004 0.10626702997275204
1 0.7640625000000001 0.5640326975476839 0.05625 0.15258855585831063
1 0.7195312500000001 0.5790190735694822 0.045312500000000006 0.19346049046321526
1 0.51328125 0.5694822888283378 0.029687500000000002 0.08719346049046321
1 0.61640625 0.603542234332425 0.0328125 0.11171662125340599
