1 0.57734375 0.6264637002341921 0.0765625 0.18969555035128804
1 0.1703125 0.6756440281030445 0.275 0.297423887587822
1 0.6453125000000001 0.6030444964871194 0.05625 0.12412177985948478
1 0.68515625 0.5889929742388759 0.035937500000000004 0.08665105386416862
1 0.72265625 0.5597189695550351 0.0390625 0.07962529274004684
1 0.39765625000000004 0.5386416861826698 0.0328125 0.04215456674473068
1 0.265625 0.5327868852459017 0.03125 0.07728337236533958
1 0.33359375 0.5362997658079626 0.0140625 0.04215456674473068
1 0.3640625 0.5398126463700235 0.009375000000000001 0.04449648711943794
1 0.31796875 0.5362997658079626 0.0140625 0.046838407494145196
