1 0.3260416666666667 0.51796875 0.17708333333333334 0.08281250000000001
1 0.23541666666666666 0.5203125000000001 0.05 0.059375000000000004
1 0.653125 0.5203125000000001 0.07708333333333334 0.05
1 0.70625 0.5234375 0.04583333333333333 0.043750000000000004
1 0.74375 0.51796875 0.03333333333333333 0.0484375
1 0.790625 0.51953125 0.022916666666666665 0.0234375
1 0.7229166666666667 0.51953125 0.020833333333333332 0.035937500000000004
1 0.7479166666666667 0.5125000000000001 0.058333333333333334 0.053125000000000006
1 0.778125 0.52109375 0.022916666666666665 0.0328125
1 0.121875 0.50625 0.16458333333333333 0.084375
1 0.5979166666666667 0.49531250000000004 0.020833333333333332 0.053125000000000006
1 0.9666666666666667 0.5203125000000001 0.025 0.021875000000000002
