0 0.32578125 0.6214953271028036 0.0390625 0.1261682242990654
0 0.26406250000000003 0.5887850467289719 0.034375 0.09345794392523364
0 0.215625 0.5502336448598131 0.015625 0.05841121495327102
0 0.1921875 0.5350467289719626 0.015625 0.06074766355140186
0 0.16875 0.5350467289719626 0.018750000000000003 0.0514018691588785
0 0.15156250000000002 0.5105140186915887 0.018750000000000003 0.03037383177570093
0 0.125 0.5245327102803737 0.015625 0.035046728971962614
0 0.61484375 0.6997663551401868 0.1046875 0.2406542056074766
0 0.2390625 0.5700934579439252 0.021875000000000002 0.06542056074766354
0 0.09062500000000001 0.5011682242990654 0.00625 0.016355140186915886
0 0.2890625 0.4941588785046729 0.021875000000000002 0.02570093457943925
0 0.18906250000000002 0.5081775700934579 0.034375 0.035046728971962614
