0 0.5203125000000001 0.6100702576112412 0.4375 0.4566744730679157
0 0.7046875 0.4953161592505855 0.12812500000000002 0.20843091334894615
0 0.7109375 0.4484777517564403 0.1375 0.22716627634660422
0 0.74921875 0.4309133489461358 0.1015625 0.20140515222482436
0 0.7578125 0.4215456674473068 0.096875 0.18266978922716628
0 0.7875000000000001 0.3957845433255269 0.1 0.1358313817330211
0 0.784375 0.4344262295081967 0.065625 0.1288056206088993
0 0.79296875 0.42271662763466045 0.06406250000000001 0.11475409836065574
0 0.58203125 0.4847775175644028 0.2609375 0.234192037470726
0 0.80859375 0.43208430913348944 0.0390625 0.07259953161592506
0 0.6640625 0.5046838407494145 0.140625 0.22716627634660422
