1 0.484375 0.81875 0.053125000000000006 0.09166666666666666
1 0.828125 0.7260416666666667 0.040625 0.07291666666666667
1 0.7625000000000001 0.6645833333333333 0.03125 0.058333333333333334
1 0.73359375 0.6375 0.0234375 0.058333333333333334
1 0.6609375000000001 0.4864583333333333 0.028125 0.035416666666666666
1 0.503125 0.515625 0.015625 0.022916666666666665
1 0.46171875 0.5208333333333334 0.0203125 0.025
1 0.6296875000000001 0.5364583333333334 0.021875000000000002 0.03958333333333333
1 0.4390625 0.825 0.0625 0.07083333333333333
1 0.85703125 0.7635416666666667 0.0546875 0.08125
1 0.80859375 0.7041666666666666 0.035937500000000004 0.07916666666666666
1 0.7914062500000001 0.690625 0.029687500000000002 0.07708333333333334
1 0.6976562500000001 0.6510416666666666 0.5078125 0.3770833333333333
