1 0.58984375 0.5873287671232876 0.1265625 0.1404109589041096
1 0.19453125000000002 0.5770547945205479 0.1953125 0.2363013698630137
1 0.73046875 0.5667808219178082 0.051562500000000004 0.13356164383561642
1 0.03671875 0.5821917808219178 0.06406250000000001 0.1232876712328767
1 0.4140625 0.5667808219178082 0.146875 0.20205479452054792
1 0.8234375 0.547945205479452 0.059375000000000004 0.13013698630136986
1 0.32343750000000004 0.5393835616438356 0.065625 0.13356164383561642
1 0.30078125 0.559931506849315 0.045312500000000006 0.1267123287671233
1 0.52109375 0.5530821917808219 0.0421875 0.10616438356164383
1 0.66328125 0.5616438356164384 0.0765625 0.10273972602739725
1 0.56796875 0.5205479452054794 0.0484375 0.06164383561643835
1 0.76875 0.5205479452054794 0.043750000000000004 0.10273972602739725
1 0.6937500000000001 0.5291095890410958 0.03125 0.08561643835616438
