1 0.32421875 0.4449648711943794 0.4453125 0.48243559718969553
1 0.553125 0.4426229508196721 0.15000000000000002 0.3700234192037471
1 0.59921875 0.36416861826697894 0.0765625 0.2505854800936768
1 0.6265625 0.3477751756440281 0.07500000000000001 0.22716627634660422
1 0.6507812500000001 0.35362997658079626 0.08281250000000001 0.1686182669789227
1 0.30078125 0.45550351288056207 0.6015625 0.9110070257611241
1 0.8625 0.3700234192037471 0.037500000000000006 0.046838407494145196
1 0.7250000000000001 0.34660421545667447 0.059375000000000004 0.06557377049180328
1 0.55 0.5398126463700235 0.065625 0.20843091334894615
1 0.6828125 0.3583138173302108 0.043750000000000004 0.1358313817330211
1 0.8015625000000001 0.351288056206089 0.025 0.03747072599531616
1 0.8187500000000001 0.3618266978922717 0.025 0.053864168618266976
1 0.7820312500000001 0.34660421545667447 0.035937500000000004 0.046838407494145196
