0 0.77265625 0.5422535211267606 0.0671875 0.1596244131455399
0 0.51328125 0.5070422535211268 0.0390625 0.09389671361502347
0 0.46015625000000004 0.5070422535211268 0.035937500000000004 0.0892018779342723
0 0.36640625000000004 0.49882629107981225 0.0140625 0.05868544600938967
0 0.35625 0.49295774647887325 0.025 0.07511737089201878
0 0.31328125 0.48826291079812206 0.026562500000000003 0.07042253521126761
0 0.29296875 0.4835680751173709 0.0171875 0.06572769953051644
0 0.26953125 0.4800469483568075 0.0171875 0.05868544600938967
0 0.2546875 0.4765258215962441 0.015625 0.051643192488262914
0 0.19375 0.47887323943661975 0.018750000000000003 0.056338028169014086
0 0.20859375000000002 0.4847417840375587 0.010937500000000001 0.03051643192488263
0 0.15781250000000002 0.465962441314554 0.015625 0.03990610328638498
0 0.38828125 0.49882629107981225 0.026562500000000003 0.08685446009389672
