0 0.88671875 0.7395348837209302 0.0203125 0.06046511627906977
0 0.81171875 0.7430232558139535 0.0171875 0.06744186046511627
0 0.83125 0.7313953488372092 0.021875000000000002 0.08139534883720931
0 0.78125 0.741860465116279 0.025 0.06511627906976744
0 0.8773437500000001 0.7313953488372092 0.0078125 0.03488372093023256
0 0.9140625 0.7383720930232558 0.025 0.06279069767441861
0 0.7609375 0.7313953488372092 0.03125 0.08139534883720931
0 0.95703125 0.7162790697674418 0.0203125 0.06046511627906977
0 0.7921875 0.6976744186046512 0.018750000000000003 0.03255813953488372
0 0.940625 0.7186046511627907 0.028125 0.05581395348837209
0 0.98046875 0.7104651162790697 0.0140625 0.06744186046511627
0 0.80390625 0.7406976744186047 0.0078125 0.04883720930232558
0 0.84921875 0.75 0.0078125 0.044186046511627906
0 0.42109375000000004 0.7151162790697674 0.0484375 0.16511627906976745
