0 0.4859375 0.6822916666666666 0.353125 0.41041666666666665
0 0.9203125000000001 0.5427083333333333 0.15937500000000002 0.28125
0 0.7601562500000001 0.5989583333333334 0.1953125 0.3854166666666667
0 0.18515625000000002 0.5010416666666666 0.2328125 0.23541666666666666
0 0.42812500000000003 0.3833333333333333 0.15000000000000002 0.11666666666666667
0 0.23593750000000002 0.37395833333333334 0.05 0.11458333333333333
0 0.026562500000000003 0.375 0.053125000000000006 0.11666666666666667
0 0.3375 0.5447916666666667 0.16875 0.3229166666666667
0 0.8132812500000001 0.4979166666666667 0.1296875 0.22916666666666666
0 0.1875 0.3677083333333333 0.059375000000000004 0.08125
