1 0.5199999999999999 0.696875 0.7105882352941176 0.48125
1 0.8976470588235294 0.47187500000000004 0.1952941176470588 0.19375
1 0.6647058823529411 0.47500000000000003 0.16705882352941176 0.13125
1 0.22705882352941176 0.49843750000000003 0.18117647058823527 0.153125
1 0.6399999999999999 0.42500000000000004 0.13176470588235292 0.084375
1 0.5435294117647058 0.4765625 0.051764705882352935 0.015625
1 0.16588235294117645 0.47968750000000004 0.07294117647058823 0.096875
1 0.06705882352941175 0.45078125 0.08705882352941176 0.07968750000000001
1 0.12941176470588234 0.43828125 0.06588235294117646 0.0734375
1 0.5247058823529411 0.41953125 0.11294117647058823 0.0890625
