0 0.6960937500000001 0.7099737532808399 0.0578125 0.11811023622047244
1 0.64765625 0.7165354330708661 0.09531250000000001 0.1889763779527559
1 0.57578125 0.7257217847769029 0.0421875 0.1443569553805774
1 0.43671875000000004 0.7230971128608924 0.08281250000000001 0.10761154855643044
1 0.25234375000000003 0.7244094488188977 0.035937500000000004 0.08398950131233596
1 0.23359375000000002 0.7178477690288714 0.045312500000000006 0.07611548556430446
1 0.5140625 0.7230971128608924 0.0625 0.14960629921259844
1 0.3921875 0.7165354330708661 0.03125 0.09973753280839895
1 0.3328125 0.7204724409448818 0.078125 0.11811023622047244
1 0.38203125000000004 0.6850393700787402 0.0328125 0.13123359580052493
1 0.29453125 0.7178477690288714 0.0328125 0.09711286089238845
1 0.18359375 0.7257217847769029 0.0421875 0.09711286089238845
1 0.48828125 0.7230971128608924 0.026562500000000003 0.10761154855643044
