1 0.20859375000000002 0.7341176470588234 0.31093750000000003 0.5035294117647059
1 0.49453125000000003 0.6458823529411765 0.09531250000000001 0.24235294117647058
1 0.8625 0.5247058823529411 0.09062500000000001 0.1364705882352941
1 0.93125 0.5447058823529412 0.13125 0.17176470588235293
1 0.59609375 0.8035294117647058 0.1640625 0.36470588235294116
1 0.7429687500000001 0.5811764705882353 0.07968750000000001 0.15999999999999998
1 0.6765625000000001 0.5141176470588235 0.065625 0.11058823529411764
1 0.9539062500000001 0.5458823529411764 0.0921875 0.18823529411764706
1 0.98203125 0.6388235294117647 0.0328125 0.16235294117647056
1 0.815625 0.5094117647058823 0.046875 0.0588235294117647
1 0.90390625 0.5270588235294117 0.1203125 0.15058823529411763
