1 0.42857142857142855 0.59375 0.8571428571428571 0.7718750000000001
1 0.5936768149882904 0.41015625 0.5128805620608899 0.1546875
1 0.5925058548009368 0.3171875 0.3231850117096019 0.09062500000000001
1 0.689695550351288 0.36875 0.4238875878220141 0.203125
1 0.4613583138173302 0.25390625 0.10304449648711944 0.0671875
1 0.9449648711943794 0.31640625 0.04449648711943794 0.0703125
1 0.35011709601873536 0.56015625 0.2224824355971897 0.1859375
1 0.8805620608899297 0.36015625 0.13114754098360656 0.09531250000000001
1 0.9039812646370023 0.3140625 0.0702576112412178 0.109375
1 0.44730679156908665 0.35546875 0.32786885245901637 0.0859375
1 0.9484777517564403 0.29375 0.07494145199063232 0.084375
1 0.8875878220140515 0.32578125 0.117096018735363 0.1015625
1 0.977751756440281 0.28125 0.04449648711943794 0.05
