1 0.51796875 0.6651053864168618 0.22968750000000002 0.22482435597189696
1 0.6953125 0.6615925058548009 0.15625 0.18501170960187355
1 0.8187500000000001 0.6615925058548009 0.12812500000000002 0.14754098360655737
1 0.28828125 0.5831381733021077 0.1203125 0.1405152224824356
1 0.35859375000000004 0.5819672131147541 0.1046875 0.12412177985948478
1 0.63828125 0.5737704918032787 0.0484375 0.09367681498829039
1 0.81796875 0.6147540983606558 0.2109375 0.18969555035128804
1 0.90625 0.5960187353629977 0.17500000000000002 0.19437939110070257
1 0.30000000000000004 0.522248243559719 0.034375 0.04215456674473068
1 0.51796875 0.5737704918032787 0.0546875 0.117096018735363
1 0.12265625000000001 0.5843091334894613 0.0921875 0.1756440281030445
1 0.60078125 0.5421545667447307 0.0546875 0.053864168618266976
1 0.49765625 0.5550351288056206 0.9953125 0.17330210772833723
