1 0.041406250000000006 0.43124999999999997 0.08281250000000001 0.20416666666666666
0 0.30312500000000003 0.6260416666666666 0.14375000000000002 0.26458333333333334
0 0.9617187500000001 0.46875 0.0765625 0.09583333333333333
0 0.1875 0.7 0.15937500000000002 0.2
0 0.85078125 0.5729166666666666 0.1390625 0.125
0 0.90234375 0.5125 0.13593750000000002 0.15416666666666667
0 0.16640625 0.7614583333333333 0.3328125 0.47291666666666665
0 0.40625 0.45625 0.034375 0.03333333333333333
0 0.9015625 0.43854166666666666 0.09375 0.11458333333333333
0 0.32343750000000004 0.4822916666666667 0.0625 0.04791666666666666
0 0.96015625 0.5375 0.0765625 0.09166666666666666
0 0.1 0.7802083333333333 0.078125 0.23541666666666666
