1 0.7365339578454333 0.6640625 0.522248243559719 0.515625
1 0.6522248243559718 0.44296875 0.6861826697892272 0.5546875
1 0.4718969555035129 0.32734375000000004 0.5175644028103045 0.5015625
1 0.319672131147541 0.36484375 0.24121779859484777 0.2078125
1 0.7540983606557377 0.44843750000000004 0.4918032786885246 0.49375
1 0.6662763466042154 0.55078125 0.33021077283372363 0.2828125
1 0.319672131147541 0.42500000000000004 0.23185011709601874 0.215625
1 0.2388758782201405 0.36484375 0.1686182669789227 0.1796875
1 0.20608899297423888 0.36796875 0.10304449648711944 0.1078125
1 0.5714285714285714 0.41953125 0.5714285714285714 0.4859375
1 0.810304449648712 0.81171875 0.36065573770491804 0.3328125
