1 0.5078247261345853 0.7296875 0.27073552425665104 0.115625
1 0.20422535211267606 0.5546875 0.13302034428794993 0.09375
1 0.12363067292644758 0.50390625 0.08763693270735524 0.0578125
1 0.5555555555555556 0.56171875 0.16275430359937404 0.13593750000000002
1 0.46557120500782473 0.7125 0.23317683881064163 0.15000000000000002
1 0.7848200312989045 0.6820312500000001 0.18622848200312989 0.1609375
1 0.9381846635367762 0.77734375 0.12363067292644758 0.1765625
1 0.9014084507042254 0.7195312500000001 0.1971830985915493 0.2078125
1 0.7386541471048513 0.66171875 0.1784037558685446 0.15156250000000002
1 0.634585289514867 0.62421875 0.15492957746478875 0.1234375
1 0.3841940532081377 0.66953125 0.1705790297339593 0.1234375
1 0.4256651017214398 0.6828125 0.22535211267605634 0.16875
1 0.3364632237871675 0.6335937500000001 0.1596244131455399 0.13593750000000002
1 0.5 0.54921875 0.996870109546166 0.3609375
