0 0.80859375 0.5229166666666667 0.0890625 0.175
0 0.9320312500000001 0.5135416666666667 0.1171875 0.19375
0 0.45703125 0.496875 0.0703125 0.14375
0 0.52109375 0.5135416666666667 0.0734375 0.16875
0 0.7234375000000001 0.521875 0.07500000000000001 0.16458333333333333
1 0.63203125 0.5364583333333334 0.1265625 0.3020833333333333
1 0.14375000000000002 0.49166666666666664 0.115625 0.275
1 0.30703125000000003 0.4979166666666667 0.1296875 0.26666666666666666
0 0.54296875 0.54375 0.0171875 0.05
0 0.5015625 0.6125 0.034375 0.12083333333333333
1 0.065625 0.5166666666666666 0.10625000000000001 0.22083333333333333
