1 0.875 0.58828125 0.25 0.3359375
1 0.29375 0.7406250000000001 0.30833333333333335 0.484375
1 0.8083333333333333 0.49062500000000003 0.275 0.225
1 0.16041666666666665 0.51484375 0.0625 0.1234375
1 0.5979166666666667 0.7828125 0.5916666666666667 0.434375
1 0.26875 0.5164062500000001 0.10833333333333334 0.1078125
1 0.7010416666666667 0.4265625 0.11875 0.043750000000000004
1 0.16041666666666665 0.29296875 0.15833333333333333 0.1296875
1 0.5708333333333333 0.29531250000000003 0.20416666666666666 0.084375
1 0.7354166666666666 0.2703125 0.1 0.08125
