0 0.6645833333333333 0.6671875 0.175 0.14375000000000002
0 0.80625 0.59609375 0.09583333333333333 0.08281250000000001
0 0.721875 0.59765625 0.06875 0.09843750000000001
0 0.7260416666666667 0.5296875 0.09375 0.043750000000000004
0 0.8645833333333334 0.6335937500000001 0.06666666666666667 0.11093750000000001
0 0.44479166666666664 0.665625 0.14375 0.14375000000000002
0 0.9375 0.6203125 0.1 0.153125
0 0.8937499999999999 0.59765625 0.05 0.051562500000000004
0 0.9802083333333333 0.603125 0.035416666666666666 0.046875
0 0.8739583333333333 0.56640625 0.07291666666666667 0.026562500000000003
0 0.9916666666666667 0.640625 0.016666666666666666 0.05625
