1 0.546875 0.47291666666666665 0.5625 0.6291666666666667
1 0.821875 0.3052083333333333 0.35625 0.45208333333333334
1 0.6257812500000001 0.16354166666666667 0.2390625 0.18541666666666667
1 0.08125 0.2708333333333333 0.109375 0.2583333333333333
1 0.29531250000000003 0.20208333333333334 0.08750000000000001 0.2375
1 0.384375 0.19479166666666667 0.10312500000000001 0.09791666666666667
1 0.42031250000000003 0.14479166666666665 0.1 0.13541666666666666
1 0.7523437500000001 0.121875 0.060937500000000006 0.14375
1 0.1546875 0.15208333333333332 0.037500000000000006 0.0875
1 0.33671875 0.13020833333333334 0.0421875 0.06458333333333333
1 0.97265625 0.09895833333333333 0.0546875 0.11041666666666666
1 0.5593750000000001 0.11041666666666666 0.10312500000000001 0.07083333333333333
1 0.47265625 0.153125 0.0484375 0.08958333333333333
