1 0.18906250000000002 0.5431235431235432 0.19687500000000002 0.5967365967365967
1 0.33828125000000003 0.5337995337995338 0.18281250000000002 0.6153846153846154
1 0.5140625 0.541958041958042 0.22812500000000002 0.6037296037296037
1 0.6515625 0.5745920745920746 0.21250000000000002 0.5244755244755245
1 0.8656250000000001 0.4417249417249417 0.18125000000000002 0.48717948717948717
1 0.0546875 0.5874125874125874 0.10625000000000001 0.5081585081585082
1 0.96015625 0.48484848484848486 0.07968750000000001 0.40093240093240096
1 0.7203125 0.458041958041958 0.15937500000000002 0.4405594405594406
1 0.49375 0.42773892773892774 0.17500000000000002 0.21678321678321677
1 0.5859375 0.38694638694638694 0.053125000000000006 0.055944055944055944
