1 0.821875 0.7074898785425101 0.3375 0.36639676113360325
1 0.6531250000000001 0.6639676113360324 0.23125 0.22267206477732793
1 0.48359375000000004 0.6204453441295547 0.2265625 0.22064777327935223
1 0.3796875 0.618421052631579 0.10312500000000001 0.1437246963562753
1 0.33515625000000004 0.5991902834008097 0.1546875 0.13360323886639677
1 0.23984375000000002 0.5840080971659919 0.1078125 0.15182186234817813
1 0.19453125000000002 0.582995951417004 0.0765625 0.11336032388663968
1 0.15078125 0.5688259109311741 0.1078125 0.12955465587044535
1 0.06875 0.5516194331983806 0.10312500000000001 0.0951417004048583
1 0.02734375 0.5536437246963563 0.0484375 0.07894736842105263
