0 0.27265625 0.728125 0.09843750000000001 0.4354166666666667
0 0.265625 0.3364583333333333 0.043750000000000004 0.06041666666666667
0 0.4 0.30104166666666665 0.025 0.022916666666666665
0 0.46484375 0.37604166666666666 0.0328125 0.10208333333333333
0 0.51015625 0.4583333333333333 0.029687500000000002 0.14166666666666666
0 0.74375 0.50625 0.146875 0.25416666666666665
0 0.62421875 0.596875 0.1640625 0.46458333333333335
0 0.5398437500000001 0.6197916666666666 0.07968750000000001 0.43124999999999997
0 0.36953125000000003 0.7260416666666667 0.13593750000000002 0.46041666666666664
0 0.0546875 0.7427083333333333 0.109375 0.44375
0 0.14453125 0.7416666666666667 0.1328125 0.36666666666666664
0 0.47500000000000003 0.7052083333333333 0.08750000000000001 0.46041666666666664
0 0.82734375 0.6635416666666667 0.1640625 0.3145833333333333
