0 0.61640625 0.7583333333333333 0.24531250000000002 0.4791666666666667
0 0.4609375 0.5135416666666667 0.146875 0.15208333333333332
0 0.15390625000000002 0.5552083333333333 0.2109375 0.16875
0 0.10312500000000001 0.63125 0.20625000000000002 0.2708333333333333
0 0.23828125 0.5052083333333334 0.0765625 0.13125
0 0.2546875 0.4708333333333333 0.028125 0.0625
0 0.828125 0.6072916666666667 0.14375000000000002 0.20625
0 0.940625 0.6666666666666666 0.09062500000000001 0.2708333333333333
0 0.88046875 0.5270833333333333 0.0484375 0.1375
0 0.8546875 0.5083333333333333 0.03125 0.04583333333333333
