1 0.23769430051813473 0.65625 0.14637305699481865 0.140625
1 0.3911917098445596 0.634765625 0.09844559585492228 0.1328125
0 0.4319948186528497 0.6171875 0.06347150259067358 0.0859375
0 0.6502590673575129 0.5712890625 0.04922279792746114 0.064453125
0 0.5440414507772021 0.5732421875 0.10621761658031088 0.080078125
1 0.7033678756476683 0.630859375 0.09326424870466321 0.140625
1 0.8251295336787565 0.5947265625 0.038860103626943004 0.080078125
1 0.8898963730569949 0.58984375 0.023316062176165803 0.05078125
0 0.9514248704663213 0.625 0.04792746113989637 0.1328125
1 0.991580310880829 0.5654296875 0.014248704663212436 0.052734375
