0 0.3834635416666667 0.4013671875 0.03515625 0.033203125
0 0.10416666666666667 0.72265625 0.03125 0.0234375
1 0.026041666666666668 0.5234375 0.046875 0.05078125
0 0.3626302083333333 0.5 0.024739583333333332 0.05078125
0 0.400390625 0.5205078125 0.029947916666666668 0.052734375
0 0.4108072916666667 0.4853515625 0.01171875 0.017578125
0 0.4388020833333333 0.501953125 0.018229166666666668 0.015625
0 0.6953125 0.333984375 0.013020833333333334 0.03125
0 0.7233072916666666 0.33203125 0.01171875 0.03515625
0 0.7688802083333334 0.591796875 0.016927083333333332 0.05859375
0 0.7513020833333334 0.685546875 0.036458333333333336 0.1015625
0 0.6809895833333334 0.806640625 0.03125 0.13671875
0 0.8040364583333334 0.833984375 0.029947916666666668 0.109375
0 0.9889322916666666 0.455078125 0.01953125 0.08203125
0 0.484375 0.4638671875 0.018229166666666668 0.029296875
0 0.5481770833333334 0.40625 0.013020833333333334 0.04296875
0 0.900390625 0.5341796875 0.014322916666666666 0.056640625
0 0.9388020833333334 0.5654296875 0.013020833333333334 0.056640625
0 0.8229166666666666 0.646484375 0.03125 0.07421875
0 0.85546875 0.6962890625 0.0234375 0.099609375
