0 0.8383116883116883 0.8125 0.13896103896103895 0.2890625
0 0.7298701298701299 0.7373046875 0.09090909090909091 0.279296875
0 0.8487012987012987 0.68359375 0.06883116883116883 0.19921875
0 0.674025974025974 0.591796875 0.03896103896103896 0.12890625
0 0.5415584415584416 0.6083984375 0.04155844155844156 0.123046875
0 0.4461038961038961 0.61328125 0.053246753246753244 0.1484375
0 0.3409090909090909 0.6279296875 0.05064935064935065 0.142578125
0 0.487012987012987 0.5458984375 0.02077922077922078 0.076171875
0 0.3961038961038961 0.578125 0.03636363636363636 0.12109375
0 0.2863636363636364 0.529296875 0.01948051948051948 0.05859375
0 0.2668831168831169 0.5234375 0.016883116883116882 0.05859375
0 0.37727272727272726 0.5302734375 0.016883116883116882 0.064453125
