0 0.5414325842696629 0.5791015625 0.06882022471910113 0.111328125
0 0.37991573033707865 0.5419921875 0.06320224719101124 0.126953125
0 0.4803370786516854 0.626953125 0.1853932584269663 0.2421875
0 0.6629213483146067 0.5498046875 0.03089887640449438 0.115234375
0 0.7289325842696629 0.564453125 0.03651685393258427 0.1171875
0 0.6860955056179775 0.5673828125 0.05758426966292135 0.134765625
0 0.9683988764044944 0.5380859375 0.06320224719101124 0.095703125
0 0.8862359550561798 0.5439453125 0.0702247191011236 0.103515625
0 0.851123595505618 0.537109375 0.07303370786516854 0.1015625
0 0.5919943820224719 0.546875 0.05758426966292135 0.08984375
