1 0.8087467362924282 0.72265625 0.18407310704960836 0.26953125
1 0.6514360313315927 0.6162109375 0.0783289817232376 0.115234375
1 0.4660574412532637 0.6064453125 0.06527415143603134 0.142578125
1 0.11684073107049608 0.5712890625 0.030026109660574413 0.115234375
1 0.054177545691906005 0.6103515625 0.10574412532637076 0.095703125
1 0.06331592689295039 0.8583984375 0.12402088772845953 0.279296875
1 0.041122715404699736 0.8974609375 0.07963446475195822 0.205078125
1 0.27610966057441255 0.654296875 0.07702349869451697 0.18359375
1 0.35966057441253263 0.6142578125 0.07441253263707572 0.146484375
1 0.15861618798955612 0.529296875 0.0195822454308094 0.03515625
1 0.1801566579634465 0.5224609375 0.018276762402088774 0.033203125
1 0.21214099216710183 0.5380859375 0.022193211488250653 0.052734375
1 0.48629242819843344 0.552734375 0.08746736292428199 0.0703125
