0 0.11140939597315436 0.771484375 0.22013422818791947 0.390625
0 0.30671140939597313 0.7587890625 0.1865771812080537 0.408203125
0 0.37785234899328857 0.7646484375 0.138255033557047 0.326171875
0 0.5503355704697986 0.7724609375 0.053691275167785234 0.291015625
0 0.5939597315436241 0.7685546875 0.05771812080536913 0.298828125
0 0.6536912751677852 0.751953125 0.056375838926174496 0.31640625
0 0.7093959731543624 0.763671875 0.06040268456375839 0.265625
0 0.7530201342281879 0.7470703125 0.04563758389261745 0.271484375
0 0.8167785234899329 0.755859375 0.08993288590604027 0.22265625
0 0.9214765100671141 0.748046875 0.08456375838926175 0.1953125
