0 0.7006369426751592 0.8564453125 0.2929936305732484 0.283203125
0 0.29363057324840763 0.6875 0.21019108280254778 0.21875
0 0.05859872611464968 0.6064453125 0.11464968152866242 0.134765625
0 0.050955414012738856 0.57421875 0.09681528662420383 0.1015625
0 0.567515923566879 0.6455078125 0.07770700636942675 0.162109375
0 0.7929936305732485 0.6181640625 0.08025477707006369 0.126953125
0 0.0031847133757961785 0.5439453125 0.003821656050955414 0.052734375
0 0.6681528662420382 0.6005859375 0.08535031847133757 0.091796875
0 0.6337579617834395 0.6025390625 0.0751592356687898 0.068359375
0 0.42420382165605097 0.5751953125 0.07898089171974522 0.068359375
0 0.378343949044586 0.5693359375 0.06369426751592357 0.060546875
