0 0.8757159221076747 0.615234375 0.2027491408934708 0.2109375
0 0.6689576174112256 0.630859375 0.15807560137457044 0.203125
0 0.5274914089347079 0.642578125 0.13631156930126 0.1796875
0 0.49427262313860254 0.6416015625 0.12027491408934708 0.169921875
0 0.36597938144329895 0.658203125 0.12027491408934708 0.171875
0 0.3316151202749141 0.6572265625 0.0859106529209622 0.169921875
0 0.2743413516609393 0.658203125 0.058419243986254296 0.140625
0 0.23482245131729668 0.66796875 0.08476517754868271 0.1640625
0 0.13344788087056128 0.6787109375 0.13860252004581902 0.177734375
0 0.04753722794959908 0.6787109375 0.042382588774341354 0.123046875
0 0.013172966781214204 0.6904296875 0.026345933562428408 0.138671875
