0 0.26207906295754024 0.755859375 0.07906295754026355 0.16796875
0 0.33821376281112736 0.7216796875 0.07027818448023426 0.119140625
0 0.390190336749634 0.685546875 0.03074670571010249 0.09375
0 0.6061493411420205 0.68359375 0.040995607613469986 0.0625
0 0.6493411420204978 0.6845703125 0.04538799414348463 0.095703125
0 0.6617862371888726 0.701171875 0.03513909224011713 0.09375
0 0.6961932650073206 0.8134765625 0.08931185944363104 0.302734375
0 0.9341142020497804 0.853515625 0.12884333821376281 0.29296875
0 0.9619326500732065 0.9267578125 0.07320644216691069 0.146484375
0 0.5461200585651538 0.6494140625 0.04685212298682284 0.041015625
0 0.4612005856515373 0.65625 0.017569546120058566 0.05078125
