1 0.6816993464052288 0.7861328125 0.3202614379084967 0.373046875
1 0.5882352941176471 0.677734375 0.1934640522875817 0.19921875
1 0.6333333333333333 0.662109375 0.1738562091503268 0.2109375
0 0.47516339869281043 0.6767578125 0.050980392156862744 0.138671875
0 0.4477124183006536 0.6142578125 0.027450980392156862 0.064453125
1 0.49084967320261436 0.572265625 0.027450980392156862 0.0625
1 0.5006535947712418 0.5859375 0.01568627450980392 0.03515625
0 0.30130718954248364 0.6240234375 0.11895424836601307 0.107421875
0 0.15947712418300652 0.7861328125 0.07058823529411765 0.228515625
1 0.1784313725490196 0.5751953125 0.0718954248366013 0.111328125
1 0.27124183006535946 0.587890625 0.030065359477124184 0.078125
0 0.2607843137254902 0.5615234375 0.05359477124183006 0.076171875
1 0.33790849673202616 0.5908203125 0.03790849673202614 0.080078125
0 0.38235294117647056 0.546875 0.01699346405228758 0.04296875
0 0.403921568627451 0.5439453125 0.013071895424836602 0.037109375
