1 0.020833333333333332 0.9306640625 0.0390625 0.091796875
0 0.03515625 0.92578125 0.06770833333333333 0.0859375
1 0.050130208333333336 0.8916015625 0.07942708333333333 0.119140625
1 0.2513020833333333 0.8984375 0.044270833333333336 0.10546875
1 0.31640625 0.890625 0.036458333333333336 0.06640625
1 0.349609375 0.9443359375 0.06380208333333333 0.111328125
1 0.4772135416666667 0.94140625 0.05859375 0.11328125
0 0.4498697916666667 0.8916015625 0.029947916666666668 0.060546875
1 0.9166666666666666 0.943359375 0.16145833333333334 0.11328125
1 0.8352864583333334 0.923828125 0.10286458333333333 0.11328125
