0 0.8440702781844802 0.294921875 0.036603221083455345 0.03125
0 0.06734992679355783 0.419921875 0.1259150805270864 0.20703125
0 0.26500732064421667 0.224609375 0.16398243045387995 0.125
0 0.3989751098096633 0.4912109375 0.1800878477306003 0.130859375
0 0.8499267935578331 0.3984375 0.15080527086383602 0.0859375
0 0.5732064421669106 0.486328125 0.191800878477306 0.13671875
0 0.6383601756954612 0.24609375 0.06442166910688141 0.05078125
0 0.6866764275256223 0.34765625 0.07027818448023426 0.09765625
0 0.6083455344070278 0.3798828125 0.10102489019033675 0.099609375
0 0.4838945827232797 0.3779296875 0.13323572474377746 0.130859375
