0 0.2777777777777778 0.462890625 0.045584045584045586 0.03515625
0 0.33974358974358976 0.466796875 0.04700854700854701 0.03515625
0 0.3924501424501424 0.470703125 0.04700854700854701 0.03515625
0 0.45014245014245013 0.47265625 0.04843304843304843 0.0390625
0 0.4807692307692308 0.4755859375 0.04985754985754986 0.037109375
0 0.5434472934472935 0.4794921875 0.04985754985754986 0.037109375
0 0.6125356125356125 0.4814453125 0.05128205128205128 0.041015625
0 0.6809116809116809 0.48828125 0.05128205128205128 0.0390625
0 0.7485754985754985 0.4892578125 0.05270655270655271 0.041015625
0 0.8219373219373219 0.494140625 0.05413105413105413 0.04296875
0 0.896011396011396 0.4990234375 0.05698005698005698 0.041015625
0 0.9772079772079773 0.505859375 0.042735042735042736 0.04296875
