0 0.2942708333333333 0.7431640625 0.028645833333333332 0.064453125
0 0.38671875 0.634765625 0.018229166666666668 0.0703125
0 0.3938802083333333 0.58984375 0.024739583333333332 0.05859375
0 0.4342447916666667 0.568359375 0.01953125 0.05859375
0 0.4016927083333333 0.50390625 0.01953125 0.0546875
0 0.4752604166666667 0.474609375 0.018229166666666668 0.05859375
0 0.4837239583333333 0.419921875 0.022135416666666668 0.04296875
0 0.4954427083333333 0.4873046875 0.022135416666666668 0.060546875
0 0.7369791666666666 0.384765625 0.049479166666666664 0.0390625
0 0.5709635416666666 0.5419921875 0.04296875 0.044921875
0 0.4544270833333333 0.5791015625 0.0234375 0.060546875
