1 0.13963414634146343 0.4033203125 0.06219512195121951 0.119140625
1 0.11829268292682926 0.583984375 0.13658536585365855 0.11328125
1 0.12804878048780488 0.6904296875 0.25609756097560976 0.248046875
1 0.3310975609756098 0.6181640625 0.1548780487804878 0.255859375
1 0.28597560975609754 0.630859375 0.10609756097560975 0.1796875
1 0.7786585365853659 0.5400390625 0.1353658536585366 0.115234375
1 0.9036585365853659 0.5234375 0.036585365853658534 0.05859375
1 0.6408536585365854 0.5419921875 0.11829268292682926 0.091796875
1 0.43353658536585366 0.5625 0.06707317073170732 0.13671875
1 0.5073170731707317 0.5478515625 0.05609756097560976 0.130859375
1 0.5554878048780488 0.5478515625 0.054878048780487805 0.103515625
1 0.3469512195121951 0.5556640625 0.10121951219512196 0.130859375
1 0.006707317073170732 0.646484375 0.013414634146341463 0.0625
