0 0.8681818181818182 0.79296875 0.261038961038961 0.41015625
0 0.8844155844155844 0.56640625 0.22857142857142856 0.234375
0 0.2 0.8984375 0.33766233766233766 0.203125
0 0.34155844155844156 0.68359375 0.3012987012987013 0.30859375
0 0.8227272727272728 0.3642578125 0.11038961038961038 0.142578125
0 0.7603896103896104 0.3388671875 0.07922077922077922 0.103515625
0 0.5474025974025974 0.5322265625 0.24025974025974026 0.212890625
0 0.6461038961038961 0.38671875 0.06883116883116883 0.08984375
0 0.37337662337662336 0.44140625 0.14935064935064934 0.14453125
0 0.16298701298701299 0.4697265625 0.16493506493506493 0.103515625
0 0.22987012987012986 0.3525390625 0.11168831168831168 0.107421875
