1 0.12953367875647667 0.8671875 0.05181347150259067 0.0625
1 0.6573834196891192 0.6630859375 0.019430051813471502 0.021484375
1 0.6515544041450777 0.7998046875 0.012953367875647668 0.044921875
1 0.7590673575129534 0.9423828125 0.03367875647668394 0.076171875
1 0.8095854922279793 0.9755859375 0.03367875647668394 0.044921875
1 0.8607512953367875 0.90234375 0.02461139896373057 0.06640625
1 0.8989637305699482 0.8408203125 0.023316062176165803 0.064453125
1 0.8458549222797928 0.830078125 0.02072538860103627 0.0625
1 0.7784974093264249 0.8076171875 0.023316062176165803 0.044921875
1 0.7739637305699482 0.763671875 0.019430051813471502 0.0390625
1 0.7027202072538861 0.734375 0.01683937823834197 0.02734375
1 0.7020725388601037 0.689453125 0.010362694300518135 0.02734375
1 0.7156735751295337 0.671875 0.011658031088082901 0.02734375
1 0.7357512953367875 0.6689453125 0.015544041450777202 0.029296875
1 0.8264248704663213 0.6982421875 0.015544041450777202 0.033203125
1 0.8847150259067358 0.703125 0.02072538860103627 0.0546875
1 0.8452072538860104 0.6845703125 0.01683937823834197 0.033203125
1 0.8523316062176166 0.669921875 0.007772020725388601 0.01171875
1 0.7396373056994818 0.623046875 0.04922279792746114 0.08203125
1 0.8205958549222798 0.662109375 0.011658031088082901 0.03125
1 0.7985751295336787 0.658203125 0.009067357512953367 0.03125
1 0.7791450777202072 0.6484375 0.014248704663212436 0.015625
1 0.7817357512953368 0.59765625 0.009067357512953367 0.01171875
1 0.7642487046632125 0.5859375 0.0051813471502590676 0.01171875
1 0.7823834196891192 0.5712890625 0.0051813471502590676 0.009765625
1 0.75 0.5810546875 0.0051813471502590676 0.013671875
