0 0.30161054172767204 0.8212890625 0.19326500732064422 0.353515625
0 0.5607613469985359 0.857421875 0.06734992679355783 0.28125
0 0.8931185944363104 0.859375 0.21376281112737922 0.27734375
0 0.5849194729136163 0.4326171875 0.027818448023426062 0.083984375
0 0.5585651537335286 0.4453125 0.024890190336749635 0.09375
0 0.2642752562225476 0.4892578125 0.04538799414348463 0.134765625
0 0.29941434846266474 0.5 0.03367496339677892 0.13671875
0 0.39751098096632503 0.39453125 0.05124450951683748 0.0703125
0 0.10102489019033675 0.4892578125 0.055636896046852125 0.181640625
0 0.8060029282576867 0.498046875 0.03953147877013177 0.12109375
0 0.8777452415812591 0.4091796875 0.016105417276720352 0.037109375
0 0.8535871156661786 0.4423828125 0.055636896046852125 0.060546875
0 0.7423133235724744 0.4755859375 0.04685212298682284 0.080078125
0 0.4912152269399707 0.4052734375 0.04538799414348463 0.060546875
0 0.46046852122986826 0.544921875 0.10980966325036604 0.20703125
0 0.2796486090775988 0.404296875 0.020497803806734993 0.08984375
