1 0.5093304061470911 0.7138671875 0.050493962678375415 0.111328125
1 0.5005488474204172 0.6875 0.04171240395170143 0.08984375
1 0.36498353457738747 0.6806640625 0.027442371020856202 0.080078125
1 0.336443468715697 0.6650390625 0.027442371020856202 0.060546875
1 0.29253567508232714 0.6513671875 0.014270032930845226 0.041015625
1 0.25850713501646544 0.6513671875 0.01646542261251372 0.044921875
1 0.24368825466520308 0.6494140625 0.010976948408342482 0.033203125
1 0.27716794731064764 0.6376953125 0.012074643249176729 0.025390625
1 0.2332601536772777 0.6396484375 0.005488474204171241 0.009765625
1 0.2233809001097695 0.6357421875 0.009879253567508232 0.013671875
