0 0.4381510416666667 0.75 0.21223958333333334 0.44140625
0 0.16796875 0.6796875 0.12760416666666666 0.34375
0 0.8333333333333334 0.794921875 0.3072916666666667 0.41015625
0 0.8111979166666666 0.96875 0.1484375 0.0625
0 0.018880208333333332 0.6005859375 0.03515625 0.193359375
0 0.026041666666666668 0.552734375 0.036458333333333336 0.16796875
0 0.07421875 0.5263671875 0.044270833333333336 0.111328125
0 0.22721354166666666 0.5322265625 0.07161458333333333 0.154296875
0 0.3209635416666667 0.568359375 0.07421875 0.1875
0 0.5052083333333334 0.59375 0.09375 0.2109375
0 0.7096354166666666 0.6923828125 0.20833333333333334 0.279296875
0 0.61328125 0.548828125 0.11197916666666667 0.18359375
