0 0.056765163297045104 0.55078125 0.1104199066874028 0.3359375
0 0.08786936236391912 0.4541015625 0.07931570762052877 0.181640625
0 0.18662519440124417 0.544921875 0.09331259720062209 0.31640625
0 0.17418351477449456 0.4736328125 0.08709175738724728 0.177734375
0 0.31804043545878696 0.55078125 0.12597200622083982 0.2734375
0 0.4393468118195957 0.52734375 0.15707620528771385 0.23046875
0 0.5217729393468118 0.4296875 0.04821150855365474 0.109375
0 0.5474339035769828 0.5458984375 0.06842923794712286 0.126953125
0 0.786158631415241 0.53515625 0.09797822706065319 0.1640625
0 0.6734059097978227 0.78515625 0.4354587869362364 0.421875
