0 0.09443631039531479 0.734375 0.18887262079062958 0.0703125
0 0.10907759882869693 0.7802734375 0.027818448023426062 0.064453125
0 0.22108345534407028 0.7783203125 0.029282576866764276 0.072265625
0 0.27379209370424595 0.8193359375 0.04978038067349927 0.126953125
0 0.3396778916544656 0.7705078125 0.032210834553440704 0.072265625
0 0.41654465592972184 0.828125 0.0629575402635432 0.12109375
0 0.5578330893118595 0.8134765625 0.09663250366032211 0.150390625
0 0.6581259150805271 0.7724609375 0.11273792093704246 0.099609375
0 0.945095168374817 0.826171875 0.10688140556368961 0.13671875
0 0.0629575402635432 0.7958984375 0.014641288433382138 0.060546875
