1 0.10185185185185185 0.7080078125 0.20123456790123456 0.431640625
1 0.7092592592592593 0.533203125 0.03827160493827161 0.1328125
1 0.10802469135802469 0.4521484375 0.12222222222222222 0.103515625
1 0.41172839506172837 0.6455078125 0.2382716049382716 0.302734375
1 0.5037037037037037 0.65625 0.26666666666666666 0.24609375
1 0.5234567901234568 0.599609375 0.21481481481481482 0.203125
1 0.5481481481481482 0.556640625 0.19753086419753085 0.19921875
1 0.19691358024691358 0.5791015625 0.2037037037037037 0.228515625
1 0.21049382716049383 0.4736328125 0.11481481481481481 0.111328125
1 0.35185185185185186 0.494140625 0.1382716049382716 0.1171875
