1 0.08203125 0.4518229166666667 0.07421875 0.08854166666666667
1 0.1806640625 0.4225260416666667 0.115234375 0.08203125
1 0.3134765625 0.4368489583333333 0.076171875 0.061197916666666664
1 0.439453125 0.4407552083333333 0.1171875 0.08723958333333333
1 0.5400390625 0.4264322916666667 0.103515625 0.06380208333333333
1 0.6748046875 0.4446614583333333 0.138671875 0.07682291666666667
1 0.8564453125 0.44921875 0.283203125 0.13020833333333334
1 0.5625 0.4837239583333333 0.2265625 0.09244791666666667
1 0.27734375 0.5026041666666666 0.2578125 0.07291666666666667
1 0.076171875 0.5052083333333334 0.15234375 0.09895833333333333
1 0.0771484375 0.8313802083333334 0.154296875 0.2799479166666667
1 0.283203125 0.8411458333333334 0.15625 0.2578125
1 0.4765625 0.802734375 0.23828125 0.2721354166666667
1 0.7265625 0.7897135416666666 0.30859375 0.28515625
1 0.8876953125 0.7662760416666666 0.220703125 0.2513020833333333
1 0.974609375 0.7005208333333334 0.046875 0.052083333333333336
